0	0.00	0.00	0.00	0.00	0.00
0	0.00	0.00	0.00	0.00	0.00
0	0.00	0.00	0.00	0.00	0.00
1	0.00	0.00	0.00	0.00	0.00
2	0.00	0.00	0.00	0.00	0.00
3	0.00	0.00	0.00	0.00	0.00
4	0.01	0.00	0.00	0.00	0.00
5	0.01	0.00	0.00	0.01	0.01
6	0.01	0.00	0.00	0.01	0.01
7	0.01	0.00	0.00	0.01	0.01
8	0.02	0.00	0.00	0.01	0.01
9	0.02	0.00	0.00	0.02	0.02
10	0.02	0.00	0.00	0.02	0.02
11	0.03	0.00	0.00	0.02	0.02
12	0.03	0.00	0.00	0.03	0.03
13	0.03	0.00	0.00	0.03	0.03
14	0.04	0.00	0.00	0.03	0.03
15	0.04	0.00	0.00	0.04	0.04
16	0.04	0.00	0.00	0.04	0.04
17	0.04	0.00	0.00	0.04	0.04
18	0.05	0.00	0.00	0.04	0.04
19	0.05	0.00	0.00	0.05	0.05
20	0.05	0.00	0.00	0.05	0.05
21	0.06	0.00	0.00	0.05	0.05
22	0.06	0.00	0.00	0.06	0.06
23	0.06	0.00	0.00	0.06	0.06
24	0.07	0.00	0.00	0.06	0.06
25	0.07	0.00	0.00	0.07	0.07
26	0.07	0.00	0.00	0.07	0.07
27	0.07	0.00	0.00	0.07	0.07
28	0.08	0.00	0.00	0.07	0.07
29	0.08	0.00	0.00	0.08	0.08
30	0.08	0.00	0.00	0.08	0.08
31	0.09	0.00	0.00	0.08	0.08
32	0.09	0.00	0.00	0.09	0.09
33	0.09	0.00	0.00	0.09	0.09
34	0.10	0.00	0.00	0.09	0.09
35	0.10	0.00	0.00	0.10	0.10
36	0.10	0.00	0.00	0.10	0.10
37	0.10	0.00	0.00	0.10	0.10
38	0.11	0.00	0.00	0.10	0.10
39	0.11	0.00	0.00	0.11	0.11
40	0.11	0.00	0.00	0.11	0.11
41	0.12	0.00	0.00	0.11	0.11
42	0.12	0.00	0.00	0.12	0.12
43	0.12	0.00	0.00	0.12	0.12
44	0.13	0.00	0.00	0.12	0.12
45	0.13	0.00	0.00	0.13	0.13
46	0.13	0.00	0.00	0.13	0.13
47	0.13	0.00	0.00	0.13	0.13
48	0.14	0.00	0.00	0.13	0.13
49	0.14	0.00	0.00	0.14	0.14
50	0.14	0.00	0.00	0.14	0.14
51	0.15	0.00	0.00	0.14	0.14
52	0.15	0.00	0.00	0.15	0.15
53	0.15	0.00	0.00	0.15	0.15
54	0.15	0.00	0.00	0.15	0.15
55	0.16	0.00	0.00	0.15	0.15
56	0.16	0.00	0.00	0.16	0.16
57	0.16	0.00	0.00	0.16	0.16
58	0.17	0.00	0.00	0.16	0.16
59	0.17	0.00	0.00	0.17	0.17
60	0.17	0.00	0.00	0.17	0.17
61	0.18	0.00	0.00	0.17	0.17
62	0.18	0.00	0.00	0.18	0.18
63	0.18	0.00	0.00	0.18	0.18
64	0.18	0.00	0.00	0.18	0.18
65	0.19	0.00	0.00	0.18	0.18
66	0.19	0.00	0.00	0.19	0.19
67	0.19	0.00	0.00	0.19	0.19
68	0.20	0.00	0.00	0.19	0.19
69	0.20	0.00	0.00	0.20	0.20
70	0.20	0.00	0.00	0.20	0.20
71	0.21	0.00	0.00	0.20	0.20
72	0.21	0.00	0.00	0.21	0.21
73	0.21	0.00	0.00	0.21	0.21
74	0.21	0.00	0.00	0.21	0.21
75	0.22	0.00	0.00	0.21	0.21
76	0.22	0.00	0.00	0.22	0.22
77	0.22	0.00	0.00	0.22	0.22
78	0.23	0.00	0.00	0.22	0.22
79	0.23	0.00	0.00	0.23	0.23
80	0.23	0.00	0.00	0.23	0.23
81	0.24	0.00	0.00	0.23	0.23
82	0.24	0.00	0.00	0.24	0.24
83	0.24	0.00	0.00	0.24	0.24
84	0.24	0.00	0.00	0.24	0.24
85	0.25	0.00	0.00	0.24	0.24
86	0.25	0.00	0.00	0.25	0.25
87	0.25	0.00	0.00	0.25	0.25
88	0.26	0.00	0.00	0.25	0.25
89	0.26	0.00	0.00	0.26	0.26
90	0.26	0.00	0.00	0.26	0.26
91	0.27	0.00	0.00	0.26	0.26
92	0.27	0.00	0.00	0.27	0.27
93	0.27	0.00	0.00	0.27	0.27
94	0.27	0.00	0.00	0.27	0.27
95	0.28	0.00	0.00	0.27	0.27
96	0.28	0.00	0.00	0.28	0.28
97	0.28	0.00	0.00	0.28	0.28
98	0.29	0.00	0.00	0.28	0.28
99	0.29	0.00	0.00	0.29	0.29
100	0.29	0.00	0.00	0.29	0.29
101	0.29	0.00	0.00	0.29	0.29
102	0.30	0.00	0.00	0.29	0.29
103	0.30	0.00	0.00	0.30	0.30
104	0.30	0.00	0.00	0.30	0.30
105	0.31	0.00	0.00	0.30	0.30
106	0.31	0.00	0.00	0.31	0.31
107	0.31	0.00	0.00	0.31	0.31
108	0.32	0.00	0.00	0.31	0.31
109	0.32	0.00	0.00	0.32	0.32
110	0.32	0.00	0.00	0.32	0.32
111	0.32	0.00	0.00	0.32	0.32
112	0.33	0.00	0.00	0.32	0.32
113	0.33	0.00	0.00	0.33	0.33
114	0.33	0.00	0.00	0.33	0.33
115	0.34	0.00	0.00	0.33	0.33
116	0.34	0.00	0.00	0.34	0.34
117	0.34	0.00	0.00	0.34	0.34
118	0.35	0.00	0.00	0.34	0.34
119	0.35	0.00	0.00	0.35	0.35
120	0.35	0.00	0.00	0.35	0.35
121	0.35	0.00	0.00	0.35	0.35
122	0.36	0.00	0.00	0.35	0.35
123	0.36	0.00	0.00	0.36	0.36
124	0.36	0.00	0.00	0.36	0.36
125	0.37	0.00	0.00	0.36	0.36
126	0.37	0.00	0.00	0.37	0.37
127	0.37	0.00	0.00	0.37	0.37
128	0.38	0.00	0.00	0.37	0.37
129	0.38	0.00	0.00	0.38	0.38
130	0.38	0.00	0.00	0.38	0.38
131	0.38	0.00	0.00	0.38	0.38
132	0.39	0.00	0.00	0.38	0.38
133	0.39	0.00	0.00	0.39	0.39
134	0.39	0.00	0.00	0.39	0.39
135	0.40	0.00	0.00	0.39	0.39
136	0.40	0.00	0.00	0.40	0.40
137	0.40	0.00	0.00	0.40	0.40
138	0.41	0.00	0.00	0.40	0.40
139	0.41	0.00	0.00	0.41	0.41
140	0.41	0.00	0.00	0.41	0.41
141	0.41	0.00	0.00	0.41	0.41
142	0.42	0.00	0.00	0.41	0.41
143	0.42	0.00	0.00	0.42	0.42
144	0.42	0.00	0.00	0.42	0.42
145	0.43	0.00	0.00	0.42	0.42
146	0.43	0.00	0.00	0.43	0.43
147	0.43	0.00	0.00	0.43	0.43
148	0.43	0.00	0.00	0.43	0.43
149	0.44	0.00	0.00	0.43	0.43
150	0.44	0.00	0.00	0.44	0.44
151	0.44	0.00	0.00	0.44	0.44
152	0.45	0.00	0.00	0.44	0.44
153	0.45	0.00	0.00	0.45	0.45
154	0.45	0.00	0.00	0.45	0.45
155	0.46	0.00	0.00	0.45	0.45
156	0.46	0.00	0.00	0.46	0.46
157	0.46	0.00	0.00	0.46	0.46
158	0.46	0.00	0.00	0.46	0.46
159	0.47	0.00	0.00	0.46	0.46
160	0.47	0.00	0.00	0.47	0.47
161	0.47	0.00	0.00	0.47	0.47
162	0.48	0.00	0.00	0.47	0.47
163	0.48	0.00	0.00	0.48	0.48
164	0.48	0.00	0.00	0.48	0.48
165	0.49	0.00	0.00	0.48	0.48
166	0.49	0.00	0.00	0.49	0.49
167	0.49	0.00	0.00	0.49	0.49
168	0.49	0.00	0.00	0.49	0.49
169	0.50	0.00	0.00	0.49	0.49
170	0.50	0.00	0.00	0.50	0.50
171	0.50	0.00	0.00	0.50	0.50
172	0.51	0.00	0.00	0.50	0.50
173	0.51	0.00	0.00	0.51	0.51
174	0.51	0.00	0.00	0.51	0.51
175	0.52	0.00	0.00	0.51	0.51
176	0.52	0.00	0.00	0.52	0.52
177	0.52	0.00	0.00	0.52	0.52
178	0.52	0.00	0.00	0.52	0.52
179	0.53	0.00	0.00	0.52	0.52
180	0.53	0.00	0.00	0.53	0.53
181	0.53	0.00	0.00	0.53	0.53
182	0.54	0.00	0.00	0.53	0.53
183	0.54	0.00	0.00	0.54	0.54
184	0.54	0.00	0.00	0.54	0.54
185	0.55	0.00	0.00	0.54	0.54
186	0.55	0.00	0.00	0.55	0.55
187	0.55	0.00	0.00	0.55	0.55
188	0.55	0.00	0.00	0.55	0.55
189	0.56	0.00	0.00	0.55	0.55
190	0.56	0.00	0.00	0.56	0.56
191	0.56	0.00	0.00	0.56	0.56
192	0.57	0.00	0.00	0.56	0.56
193	0.57	0.00	0.00	0.57	0.57
194	0.57	0.00	0.00	0.57	0.57
195	0.57	0.00	0.00	0.57	0.57
196	0.58	0.00	0.00	0.57	0.57
197	0.58	0.00	0.00	0.58	0.58
198	0.58	0.00	0.00	0.58	0.58
199	0.59	0.00	0.00	0.58	0.58
200	0.59	0.00	0.00	0.59	0.59
201	0.59	0.00	0.00	0.59	0.59
202	0.60	0.00	0.00	0.59	0.59
203	0.60	0.00	0.00	0.60	0.60
204	0.60	0.00	0.00	0.60	0.60
205	0.60	0.00	0.00	0.60	0.60
206	0.61	0.00	0.00	0.60	0.60
207	0.61	0.00	0.00	0.61	0.61
208	0.61	0.00	0.00	0.61	0.61
209	0.62	0.00	0.00	0.61	0.61
210	0.62	0.00	0.00	0.62	0.62
211	0.62	0.00	0.00	0.62	0.62
212	0.63	0.00	0.00	0.62	0.62
213	0.63	0.00	0.00	0.63	0.63
214	0.63	0.00	0.00	0.63	0.63
215	0.63	0.00	0.00	0.63	0.63
216	0.64	0.00	0.00	0.63	0.63
217	0.64	0.00	0.00	0.64	0.64
218	0.64	0.00	0.00	0.64	0.64
219	0.65	0.00	0.00	0.64	0.64
220	0.65	0.00	0.00	0.65	0.65
221	0.65	0.00	0.00	0.65	0.65
222	0.66	0.00	0.00	0.65	0.65
223	0.66	0.00	0.00	0.66	0.66
224	0.66	0.00	0.00	0.66	0.66
225	0.66	0.00	0.00	0.66	0.66
226	0.67	0.00	0.00	0.66	0.66
227	0.67	0.00	0.00	0.67	0.67
228	0.67	0.00	0.00	0.67	0.67
229	0.68	0.00	0.00	0.67	0.67
230	0.68	0.00	0.00	0.68	0.68
231	0.68	0.00	0.00	0.68	0.68
232	0.69	0.00	0.00	0.68	0.68
233	0.69	0.00	0.00	0.69	0.69
234	0.69	0.00	0.00	0.69	0.69
235	0.69	0.00	0.00	0.69	0.69
236	0.70	0.00	0.00	0.69	0.69
237	0.70	0.00	0.00	0.70	0.70
238	0.70	0.00	0.00	0.70	0.70
239	0.71	0.00	0.00	0.70	0.70
240	0.71	0.00	0.00	0.71	0.71
241	0.71	0.00	0.00	0.71	0.71
242	0.72	0.00	0.00	0.71	0.71
243	0.72	0.00	0.00	0.72	0.72
244	0.72	0.00	0.00	0.72	0.72
245	0.72	0.00	0.00	0.72	0.72
246	0.73	0.00	0.00	0.72	0.72
247	0.73	0.00	0.00	0.73	0.73
248	0.73	0.00	0.00	0.73	0.73
249	0.74	0.00	0.00	0.73	0.73
250	0.74	0.00	0.00	0.74	0.74
251	0.74	0.00	0.00	0.74	0.74
252	0.74	0.00	0.00	0.74	0.74
253	0.75	0.00	0.00	0.74	0.74
254	0.75	0.00	0.00	0.75	0.75
255	0.75	0.00	0.00	0.75	0.75
256	0.76	0.00	0.00	0.75	0.75
257	0.76	0.00	0.00	0.76	0.76
258	0.76	0.00	0.00	0.76	0.76
259	0.77	0.00	0.00	0.76	0.76
260	0.77	0.00	0.00	0.77	0.77
261	0.77	0.00	0.00	0.77	0.77
262	0.77	0.00	0.00	0.77	0.77
263	0.78	0.00	0.00	0.77	0.77
264	0.78	0.00	0.00	0.78	0.78
265	0.78	0.00	0.00	0.78	0.78
266	0.79	0.00	0.00	0.78	0.78
267	0.79	0.00	0.00	0.79	0.79
268	0.79	0.00	0.00	0.79	0.79
269	0.80	0.00	0.00	0.79	0.79
270	0.80	0.00	0.00	0.80	0.80
271	0.80	0.00	0.00	0.80	0.80
272	0.80	0.00	0.00	0.80	0.80
273	0.81	0.00	0.00	0.80	0.80
274	0.81	0.00	0.00	0.81	0.81
275	0.81	0.00	0.00	0.81	0.81
276	0.82	0.00	0.00	0.81	0.81
277	0.82	0.00	0.00	0.82	0.82
278	0.82	0.00	0.00	0.82	0.82
279	0.83	0.00	0.00	0.82	0.82
280	0.83	0.00	0.00	0.83	0.83
281	0.83	0.00	0.00	0.83	0.83
282	0.83	0.00	0.00	0.83	0.83
283	0.84	0.00	0.00	0.83	0.83
284	0.84	0.00	0.00	0.84	0.84
285	0.84	0.00	0.00	0.84	0.84
286	0.85	0.00	0.00	0.84	0.84
287	0.85	0.00	0.00	0.85	0.85
288	0.85	0.00	0.00	0.85	0.85
289	0.85	0.00	0.00	0.85	0.85
290	0.86	0.00	0.00	0.85	0.85
291	0.86	0.00	0.00	0.86	0.86
292	0.86	0.00	0.00	0.86	0.86
293	0.87	0.00	0.00	0.86	0.86
294	0.87	0.00	0.00	0.87	0.87
295	0.87	0.00	0.00	0.87	0.87
296	0.88	0.00	0.00	0.87	0.87
297	0.88	0.00	0.00	0.88	0.88
298	0.88	0.00	0.00	0.88	0.88
299	0.88	0.00	0.00	0.88	0.88
300	0.89	0.00	0.00	0.88	0.88
301	0.89	0.00	0.00	0.89	0.89
302	0.89	0.00	0.00	0.89	0.89
303	0.90	0.00	0.00	0.89	0.89
304	0.90	0.00	0.00	0.90	0.90
305	0.90	0.00	0.00	0.90	0.90
306	0.91	0.00	0.00	0.90	0.90
307	0.91	0.00	0.00	0.91	0.91
308	0.91	0.00	0.00	0.91	0.91
309	0.91	0.00	0.00	0.91	0.91
310	0.92	0.00	0.00	0.91	0.91
311	0.92	0.00	0.00	0.92	0.92
312	0.92	0.00	0.00	0.92	0.92
313	0.93	0.00	0.00	0.92	0.92
314	0.93	0.00	0.00	0.93	0.93
315	0.93	0.00	0.00	0.93	0.93
316	0.94	0.00	0.00	0.93	0.93
317	0.94	0.00	0.00	0.94	0.94
318	0.94	0.00	0.00	0.94	0.94
319	0.94	0.00	0.00	0.94	0.94
320	0.95	0.00	0.00	0.94	0.94
321	0.95	0.00	0.00	0.95	0.95
322	0.95	0.00	0.00	0.95	0.95
323	0.96	0.00	0.00	0.95	0.95
324	0.96	0.00	0.00	0.96	0.96
325	0.96	0.00	0.00	0.96	0.96
326	0.97	0.00	0.00	0.96	0.96
327	0.97	0.00	0.00	0.97	0.97
328	0.97	0.00	0.00	0.97	0.97
329	0.97	0.00	0.00	0.97	0.97
330	0.98	0.00	0.00	0.97	0.97
331	0.98	0.00	0.00	0.98	0.98
332	0.98	0.00	0.00	0.98	0.98
333	0.99	0.00	0.00	0.98	0.98
334	0.99	0.00	0.00	0.99	0.99
335	0.99	0.00	0.00	0.99	0.99
336	0.99	0.00	0.00	0.99	0.99
337	1.00	0.00	0.00	0.99	0.99
338	1.00	0.00	0.00	1.00	1.00
339	1.00	0.00	0.00	1.00	1.00
0	1.01	0.00	0.00	1.00	1.00
1	1.01	0.00	0.00	1.01	1.01
2	1.01	0.00	0.00	1.01	1.01
3	1.01	0.00	0.02	1.01	1.01
4	1.01	0.00	0.05	1.00	1.01
5	1.01	0.00	0.07	1.00	1.01
6	1.01	-0.00	0.09	1.00	1.02
7	1.01	-0.00	0.12	1.00	1.02
8	1.01	0.00	0.14	0.99	1.02
9	1.01	0.00	0.16	0.99	1.02
10	1.01	-0.00	0.19	0.99	1.03
11	1.01	-0.00	0.21	0.98	1.03
12	1.01	0.00	0.23	0.98	1.03
13	1.01	-0.00	0.26	0.98	1.04
14	1.01	-0.00	0.28	0.97	1.04
15	1.01	0.00	0.30	0.97	1.04
16	1.01	-0.00	0.33	0.97	1.05
17	1.01	-0.00	0.35	0.97	1.05
18	1.01	0.00	0.37	0.96	1.05
19	1.01	0.00	0.40	0.96	1.05
20	1.01	-0.00	0.42	0.96	1.06
21	1.01	0.00	0.44	0.95	1.06
22	1.01	0.00	0.46	0.95	1.06
23	1.01	-0.00	0.49	0.95	1.07
24	1.01	-0.00	0.51	0.94	1.07
25	1.01	0.00	0.53	0.94	1.07
26	1.01	-0.00	0.56	0.94	1.08
27	1.01	-0.00	0.58	0.94	1.08
28	1.01	0.00	0.60	0.93	1.08
29	1.01	-0.00	0.63	0.93	1.08
30	1.01	-0.00	0.65	0.93	1.09
31	1.01	0.00	0.67	0.92	1.09
32	1.01	0.00	0.70	0.92	1.09
33	1.01	-0.00	0.72	0.92	1.10
34	1.01	0.00	0.74	0.91	1.10
35	1.01	0.00	0.77	0.91	1.10
36	1.01	-0.00	0.79	0.91	1.11
37	1.01	-0.00	0.81	0.91	1.11
38	1.01	0.00	0.84	0.90	1.11
39	1.01	-0.00	0.86	0.90	1.11
40	1.01	-0.00	0.88	0.90	1.12
41	1.01	0.00	0.91	0.89	1.12
42	1.01	-0.00	0.93	0.89	1.12
43	1.01	-0.00	0.95	0.89	1.13
44	1.01	0.00	0.98	0.88	1.13
45	1.01	0.00	1.00	0.88	1.13
46	1.01	-0.00	1.02	0.88	1.14
47	1.01	0.00	1.05	0.88	1.14
48	1.01	0.00	1.07	0.87	1.14
49	1.01	-0.00	1.09	0.87	1.14
50	1.01	-0.00	1.12	0.87	1.15
51	1.01	0.00	1.14	0.86	1.15
52	1.01	-0.00	1.16	0.86	1.15
53	1.01	-0.00	1.19	0.86	1.16
54	1.01	0.00	1.21	0.86	1.16
55	1.01	-0.00	1.23	0.85	1.16
56	1.01	-0.00	1.26	0.85	1.16
57	1.01	0.00	1.28	0.85	1.17
58	1.01	0.00	1.30	0.84	1.17
59	1.01	-0.00	1.33	0.84	1.17
60	1.01	0.00	1.35	0.84	1.18
61	1.01	0.00	1.37	0.83	1.18
62	1.01	-0.00	1.40	0.83	1.18
63	1.01	-0.00	1.42	0.83	1.19
64	1.01	0.00	1.44	0.83	1.19
65	1.01	-0.00	1.47	0.82	1.19
66	1.01	-0.00	1.49	0.82	1.19
67	1.01	0.00	1.51	0.82	1.20
68	1.01	-0.00	1.54	0.81	1.20
69	1.01	-0.00	1.56	0.81	1.20
70	1.01	0.00	1.58	0.81	1.21
71	1.01	0.00	1.61	0.80	1.21
0	1.01	-0.00	1.63	0.80	1.21
1	1.01	-0.00	1.63	0.80	1.22
2	1.01	-0.00	1.63	0.80	1.22
3	1.01	0.00	1.63	0.80	1.22
4	1.01	0.01	1.63	0.80	1.22
5	1.01	0.01	1.63	0.80	1.22
6	1.01	0.01	1.63	0.81	1.22
7	1.01	0.01	1.63	0.81	1.23
8	1.01	0.02	1.63	0.81	1.23
9	1.01	0.02	1.63	0.82	1.23
10	1.01	0.02	1.63	0.82	1.24
11	1.01	0.03	1.63	0.82	1.24
12	1.01	0.03	1.63	0.83	1.24
13	1.01	0.03	1.63	0.83	1.25
14	1.00	0.04	1.63	0.83	1.25
15	1.00	0.04	1.63	0.83	1.25
16	1.00	0.04	1.63	0.84	1.25
17	1.00	0.04	1.63	0.84	1.26
18	1.00	0.05	1.63	0.84	1.26
19	1.00	0.05	1.63	0.85	1.26
20	1.00	0.05	1.63	0.85	1.27
21	1.00	0.06	1.63	0.85	1.27
22	1.00	0.06	1.63	0.85	1.27
23	1.00	0.06	1.63	0.86	1.28
24	1.00	0.07	1.63	0.86	1.28
25	1.00	0.07	1.63	0.86	1.28
26	1.00	0.07	1.63	0.87	1.28
27	1.00	0.07	1.63	0.87	1.29
28	1.00	0.08	1.63	0.87	1.29
29	1.00	0.08	1.63	0.88	1.29
30	1.00	0.08	1.63	0.88	1.30
31	1.00	0.09	1.63	0.88	1.30
32	1.00	0.09	1.63	0.88	1.30
33	1.00	0.09	1.63	0.89	1.30
34	1.00	0.10	1.63	0.89	1.31
35	1.00	0.10	1.63	0.89	1.31
36	1.00	0.10	1.63	0.90	1.31
37	1.00	0.10	1.63	0.90	1.32
38	1.00	0.11	1.63	0.90	1.32
39	1.00	0.11	1.63	0.91	1.32
40	1.00	0.11	1.63	0.91	1.33
41	1.00	0.12	1.63	0.91	1.33
42	1.00	0.12	1.63	0.91	1.33
43	1.00	0.12	1.63	0.92	1.33
44	1.00	0.12	1.63	0.92	1.34
45	1.00	0.13	1.63	0.92	1.34
46	1.00	0.13	1.63	0.93	1.34
47	1.00	0.13	1.63	0.93	1.35
48	1.00	0.14	1.63	0.93	1.35
49	1.00	0.14	1.63	0.94	1.35
50	1.00	0.14	1.63	0.94	1.36
51	1.00	0.15	1.63	0.94	1.36
52	1.00	0.15	1.63	0.94	1.36
53	1.00	0.15	1.63	0.95	1.36
54	1.00	0.15	1.63	0.95	1.37
55	1.00	0.16	1.63	0.95	1.37
56	1.00	0.16	1.63	0.96	1.37
57	1.00	0.16	1.63	0.96	1.38
58	1.00	0.17	1.63	0.96	1.38
59	1.00	0.17	1.63	0.97	1.38
60	1.00	0.17	1.63	0.97	1.39
61	1.00	0.18	1.63	0.97	1.39
62	1.00	0.18	1.63	0.97	1.39
63	1.00	0.18	1.63	0.98	1.39
64	1.00	0.18	1.63	0.98	1.40
65	1.00	0.19	1.63	0.98	1.40
66	1.00	0.19	1.63	0.99	1.40
67	1.00	0.19	1.63	0.99	1.41
68	1.00	0.20	1.63	0.99	1.41
69	1.00	0.20	1.63	0.99	1.41
70	1.00	0.20	1.63	1.00	1.42
71	1.00	0.21	1.63	1.00	1.42
72	0.99	0.21	1.63	1.00	1.42
73	0.99	0.21	1.63	1.01	1.42
74	0.99	0.21	1.63	1.01	1.43
75	0.99	0.22	1.63	1.01	1.43
76	0.99	0.22	1.63	1.02	1.43
77	0.99	0.22	1.63	1.02	1.44
78	0.99	0.23	1.63	1.02	1.44
79	0.99	0.23	1.63	1.02	1.44
80	0.99	0.23	1.63	1.03	1.44
81	0.99	0.23	1.63	1.03	1.45
82	0.99	0.24	1.63	1.03	1.45
83	0.99	0.24	1.63	1.04	1.45
84	0.99	0.24	1.63	1.04	1.46
85	0.99	0.25	1.63	1.04	1.46
86	0.99	0.25	1.63	1.05	1.46
87	0.99	0.25	1.63	1.05	1.47
88	0.99	0.26	1.63	1.05	1.47
89	0.99	0.26	1.63	1.05	1.47
90	0.99	0.26	1.63	1.06	1.47
91	0.99	0.26	1.63	1.06	1.48
92	0.99	0.27	1.63	1.06	1.48
93	0.99	0.27	1.63	1.07	1.48
94	0.99	0.27	1.63	1.07	1.49
95	0.99	0.28	1.63	1.07	1.49
96	0.99	0.28	1.63	1.08	1.49
97	0.99	0.28	1.63	1.08	1.50
98	0.99	0.29	1.63	1.08	1.50
99	0.99	0.29	1.63	1.08	1.50
100	0.99	0.29	1.63	1.09	1.50
101	0.99	0.29	1.63	1.09	1.51
102	0.99	0.30	1.63	1.09	1.51
103	0.99	0.30	1.63	1.10	1.51
104	0.99	0.30	1.63	1.10	1.52
105	0.99	0.31	1.63	1.10	1.52
106	0.99	0.31	1.63	1.11	1.52
107	0.99	0.31	1.63	1.11	1.53
108	0.99	0.32	1.63	1.11	1.53
109	0.99	0.32	1.63	1.11	1.53
110	0.99	0.32	1.63	1.12	1.53
111	0.99	0.32	1.63	1.12	1.54
112	0.99	0.33	1.63	1.12	1.54
113	0.99	0.33	1.63	1.13	1.54
114	0.99	0.33	1.63	1.13	1.55
115	0.99	0.34	1.63	1.13	1.55
116	0.99	0.34	1.63	1.14	1.55
117	0.99	0.34	1.63	1.14	1.56
118	0.99	0.34	1.63	1.14	1.56
119	0.99	0.35	1.63	1.14	1.56
120	0.99	0.35	1.63	1.15	1.56
121	0.99	0.35	1.63	1.15	1.57
122	0.99	0.36	1.63	1.15	1.57
123	0.99	0.36	1.63	1.16	1.57
124	0.99	0.36	1.63	1.16	1.58
125	0.99	0.37	1.63	1.16	1.58
126	0.99	0.37	1.63	1.16	1.58
127	0.99	0.37	1.63	1.17	1.58
128	0.99	0.37	1.63	1.17	1.59
129	0.98	0.38	1.63	1.17	1.59
130	0.98	0.38	1.63	1.18	1.59
131	0.98	0.38	1.63	1.18	1.60
132	0.98	0.39	1.63	1.18	1.60
133	0.98	0.39	1.63	1.19	1.60
134	0.98	0.39	1.63	1.19	1.61
135	0.98	0.40	1.63	1.19	1.61
136	0.98	0.40	1.63	1.19	1.61
137	0.98	0.40	1.63	1.20	1.61
138	0.98	0.40	1.63	1.20	1.62
139	0.98	0.41	1.63	1.20	1.62
140	0.98	0.41	1.63	1.21	1.62
141	0.98	0.41	1.63	1.21	1.63
142	0.98	0.42	1.63	1.21	1.63
143	0.98	0.42	1.63	1.22	1.63
144	0.98	0.42	1.63	1.22	1.64
145	0.98	0.43	1.63	1.22	1.64
146	0.98	0.43	1.63	1.22	1.64
147	0.98	0.43	1.63	1.23	1.64
148	0.98	0.43	1.63	1.23	1.65
149	0.98	0.44	1.63	1.23	1.65
150	0.98	0.44	1.63	1.24	1.65
151	0.98	0.44	1.63	1.24	1.66
152	0.98	0.45	1.63	1.24	1.66
153	0.98	0.45	1.63	1.25	1.66
154	0.98	0.45	1.63	1.25	1.67
155	0.98	0.45	1.63	1.25	1.67
156	0.98	0.46	1.63	1.25	1.67
157	0.98	0.46	1.63	1.26	1.67
158	0.98	0.46	1.63	1.26	1.68
159	0.98	0.47	1.63	1.26	1.68
160	0.98	0.47	1.63	1.27	1.68
161	0.98	0.47	1.63	1.27	1.69
162	0.98	0.48	1.63	1.27	1.69
163	0.98	0.48	1.63	1.28	1.69
164	0.98	0.48	1.63	1.28	1.70
165	0.98	0.48	1.63	1.28	1.70
166	0.98	0.49	1.63	1.28	1.70
167	0.98	0.49	1.63	1.29	1.70
168	0.98	0.49	1.63	1.29	1.71
169	0.98	0.50	1.63	1.29	1.71
170	0.98	0.50	1.63	1.30	1.71
171	0.98	0.50	1.63	1.30	1.72
172	0.98	0.51	1.63	1.30	1.72
173	0.98	0.51	1.63	1.30	1.72
174	0.98	0.51	1.63	1.31	1.72
175	0.98	0.51	1.63	1.31	1.73
176	0.98	0.52	1.63	1.31	1.73
177	0.98	0.52	1.63	1.32	1.73
178	0.98	0.52	1.63	1.32	1.74
179	0.98	0.53	1.63	1.32	1.74
180	0.98	0.53	1.63	1.33	1.74
181	0.98	0.53	1.63	1.33	1.75
182	0.98	0.54	1.63	1.33	1.75
183	0.98	0.54	1.63	1.33	1.75
184	0.98	0.54	1.63	1.34	1.75
185	0.98	0.54	1.63	1.34	1.76
186	0.98	0.55	1.63	1.34	1.76
187	0.97	0.55	1.63	1.35	1.76
188	0.97	0.55	1.63	1.35	1.77
189	0.97	0.56	1.63	1.35	1.77
190	0.97	0.56	1.63	1.36	1.77
191	0.97	0.56	1.63	1.36	1.78
192	0.97	0.57	1.63	1.36	1.78
193	0.97	0.57	1.63	1.36	1.78
194	0.97	0.57	1.63	1.37	1.78
195	0.97	0.57	1.63	1.37	1.79
196	0.97	0.58	1.63	1.37	1.79
197	0.97	0.58	1.63	1.38	1.79
198	0.97	0.58	1.63	1.38	1.80
199	0.97	0.59	1.63	1.38	1.80
200	0.97	0.59	1.63	1.39	1.80
201	0.97	0.59	1.63	1.39	1.81
202	0.97	0.59	1.63	1.39	1.81
203	0.97	0.60	1.63	1.39	1.81
204	0.97	0.60	1.63	1.40	1.81
205	0.97	0.60	1.63	1.40	1.82
206	0.97	0.61	1.63	1.40	1.82
207	0.97	0.61	1.63	1.41	1.82
208	0.97	0.61	1.63	1.41	1.83
209	0.97	0.62	1.63	1.41	1.83
210	0.97	0.62	1.63	1.42	1.83
211	0.97	0.62	1.63	1.42	1.84
212	0.97	0.62	1.63	1.42	1.84
213	0.97	0.63	1.63	1.42	1.84
214	0.97	0.63	1.63	1.43	1.84
215	0.97	0.63	1.63	1.43	1.85
216	0.97	0.64	1.63	1.43	1.85
217	0.97	0.64	1.63	1.44	1.85
218	0.97	0.64	1.63	1.44	1.86
219	0.97	0.65	1.63	1.44	1.86
220	0.97	0.65	1.63	1.44	1.86
221	0.97	0.65	1.63	1.45	1.86
222	0.97	0.65	1.63	1.45	1.87
223	0.97	0.66	1.63	1.45	1.87
224	0.97	0.66	1.63	1.46	1.87
225	0.97	0.66	1.63	1.46	1.88
226	0.97	0.67	1.63	1.46	1.88
227	0.97	0.67	1.63	1.47	1.88
228	0.97	0.67	1.63	1.47	1.89
229	0.97	0.68	1.63	1.47	1.89
230	0.97	0.68	1.63	1.47	1.89
231	0.97	0.68	1.63	1.48	1.89
232	0.97	0.68	1.63	1.48	1.90
233	0.97	0.69	1.63	1.48	1.90
234	0.97	0.69	1.63	1.49	1.90
235	0.97	0.69	1.63	1.49	1.91
236	0.97	0.70	1.63	1.49	1.91
237	0.97	0.70	1.63	1.50	1.91
238	0.97	0.70	1.63	1.50	1.92
239	0.97	0.70	1.63	1.50	1.92
240	0.97	0.71	1.63	1.50	1.92
241	0.97	0.71	1.63	1.51	1.92
242	0.97	0.71	1.63	1.51	1.93
243	0.97	0.72	1.63	1.51	1.93
244	0.96	0.72	1.63	1.52	1.93
245	0.96	0.72	1.63	1.52	1.94
246	0.96	0.73	1.63	1.52	1.94
247	0.96	0.73	1.63	1.53	1.94
248	0.96	0.73	1.63	1.53	1.95
249	0.96	0.73	1.63	1.53	1.95
250	0.96	0.74	1.63	1.53	1.95
251	0.96	0.74	1.63	1.54	1.95
252	0.96	0.74	1.63	1.54	1.96
253	0.96	0.75	1.63	1.54	1.96
254	0.96	0.75	1.63	1.55	1.96
255	0.96	0.75	1.63	1.55	1.97
256	0.96	0.76	1.63	1.55	1.97
257	0.96	0.76	1.63	1.56	1.97
258	0.96	0.76	1.63	1.56	1.98
259	0.96	0.76	1.63	1.56	1.98
260	0.96	0.77	1.63	1.56	1.98
261	0.96	0.77	1.63	1.57	1.98
262	0.96	0.77	1.63	1.57	1.99
263	0.96	0.78	1.63	1.57	1.99
264	0.96	0.78	1.63	1.58	1.99
265	0.96	0.78	1.63	1.58	2.00
266	0.96	0.79	1.63	1.58	2.00
267	0.96	0.79	1.63	1.58	2.00
268	0.96	0.79	1.63	1.59	2.00
269	0.96	0.79	1.63	1.59	2.01
270	0.96	0.80	1.63	1.59	2.01
271	0.96	0.80	1.63	1.60	2.01
272	0.96	0.80	1.63	1.60	2.02
273	0.96	0.81	1.63	1.60	2.02
274	0.96	0.81	1.63	1.61	2.02
275	0.96	0.81	1.63	1.61	2.03
276	0.96	0.81	1.63	1.61	2.03
277	0.96	0.82	1.63	1.61	2.03
278	0.96	0.82	1.63	1.62	2.03
279	0.96	0.82	1.63	1.62	2.04
280	0.96	0.83	1.63	1.62	2.04
281	0.96	0.83	1.63	1.63	2.04
282	0.96	0.83	1.63	1.63	2.05
283	0.96	0.84	1.63	1.63	2.05
284	0.96	0.84	1.63	1.64	2.05
285	0.96	0.84	1.63	1.64	2.06
286	0.96	0.84	1.63	1.64	2.06
287	0.96	0.85	1.63	1.64	2.06
288	0.96	0.85	1.63	1.65	2.06
289	0.96	0.85	1.63	1.65	2.07
290	0.96	0.86	1.63	1.65	2.07
291	0.96	0.86	1.63	1.66	2.07
292	0.96	0.86	1.63	1.66	2.08
293	0.96	0.87	1.63	1.66	2.08
294	0.96	0.87	1.63	1.67	2.08
295	0.96	0.87	1.63	1.67	2.09
296	0.96	0.87	1.63	1.67	2.09
297	0.96	0.88	1.63	1.67	2.09
298	0.96	0.88	1.63	1.68	2.09
299	0.96	0.88	1.63	1.68	2.10
300	0.96	0.89	1.63	1.68	2.10
301	0.96	0.89	1.63	1.69	2.10
302	0.95	0.89	1.63	1.69	2.11
303	0.95	0.90	1.63	1.69	2.11
304	0.95	0.90	1.63	1.70	2.11
305	0.95	0.90	1.63	1.70	2.12
306	0.95	0.90	1.63	1.70	2.12
307	0.95	0.91	1.63	1.70	2.12
308	0.95	0.91	1.63	1.71	2.12
309	0.95	0.91	1.63	1.71	2.13
310	0.95	0.92	1.63	1.71	2.13
311	0.95	0.92	1.63	1.72	2.13
312	0.95	0.92	1.63	1.72	2.14
313	0.95	0.92	1.63	1.72	2.14
314	0.95	0.93	1.63	1.72	2.14
315	0.95	0.93	1.63	1.73	2.14
316	0.95	0.93	1.63	1.73	2.15
317	0.95	0.94	1.63	1.73	2.15
318	0.95	0.94	1.63	1.74	2.15
319	0.95	0.94	1.63	1.74	2.16
320	0.95	0.95	1.63	1.74	2.16
321	0.95	0.95	1.63	1.75	2.16
322	0.95	0.95	1.63	1.75	2.17
323	0.95	0.95	1.63	1.75	2.17
324	0.95	0.96	1.63	1.75	2.17
325	0.95	0.96	1.63	1.76	2.17
326	0.95	0.96	1.63	1.76	2.18
327	0.95	0.97	1.63	1.76	2.18
328	0.95	0.97	1.63	1.77	2.18
329	0.95	0.97	1.63	1.77	2.19
330	0.95	0.98	1.63	1.77	2.19
331	0.95	0.98	1.63	1.78	2.19
332	0.95	0.98	1.63	1.78	2.20
333	0.95	0.98	1.63	1.78	2.20
334	0.95	0.99	1.63	1.78	2.20
335	0.95	0.99	1.63	1.79	2.20
336	0.95	0.99	1.63	1.79	2.21
337	0.95	1.00	1.63	1.79	2.21
338	0.95	1.00	1.63	1.80	2.21
339	0.95	1.00	1.63	1.80	2.22
0	0.95	1.01	1.63	1.80	2.22
1	0.95	1.01	1.63	1.81	2.22
2	0.95	1.01	1.63	1.81	2.22
3	0.95	1.01	1.65	1.81	2.22
4	0.95	1.01	1.68	1.80	2.23
5	0.95	1.01	1.70	1.80	2.23
6	0.95	1.01	1.72	1.80	2.23
7	0.95	1.01	1.75	1.79	2.23
8	0.95	1.01	1.77	1.79	2.24
9	0.95	1.01	1.79	1.79	2.24
10	0.95	1.01	1.82	1.78	2.24
11	0.95	1.01	1.84	1.78	2.25
12	0.95	1.01	1.86	1.78	2.25
13	0.95	1.01	1.88	1.78	2.25
14	0.95	1.01	1.91	1.77	2.26
15	0.95	1.01	1.93	1.77	2.26
16	0.95	1.01	1.95	1.77	2.26
17	0.95	1.01	1.98	1.76	2.26
18	0.95	1.01	2.00	1.76	2.27
19	0.95	1.01	2.02	1.76	2.27
20	0.95	1.01	2.05	1.75	2.27
21	0.95	1.01	2.07	1.75	2.28
22	0.95	1.01	2.09	1.75	2.28
23	0.95	1.01	2.12	1.75	2.28
24	0.95	1.01	2.14	1.74	2.28
25	0.95	1.01	2.16	1.74	2.29
26	0.95	1.01	2.19	1.74	2.29
27	0.95	1.01	2.21	1.73	2.29
28	0.95	1.01	2.23	1.73	2.30
29	0.95	1.01	2.26	1.73	2.30
30	0.95	1.01	2.28	1.73	2.30
31	0.95	1.01	2.30	1.72	2.31
32	0.95	1.01	2.33	1.72	2.31
33	0.95	1.01	2.35	1.72	2.31
34	0.95	1.01	2.37	1.71	2.31
35	0.95	1.01	2.40	1.71	2.32
36	0.95	1.01	2.42	1.71	2.32
37	0.95	1.01	2.44	1.70	2.32
38	0.95	1.01	2.47	1.70	2.33
39	0.95	1.01	2.49	1.70	2.33
40	0.95	1.01	2.51	1.70	2.33
41	0.95	1.01	2.54	1.69	2.34
42	0.95	1.01	2.56	1.69	2.34
43	0.95	1.01	2.58	1.69	2.34
44	0.95	1.01	2.61	1.68	2.34
45	0.95	1.01	2.63	1.68	2.35
46	0.95	1.01	2.65	1.68	2.35
47	0.95	1.01	2.68	1.67	2.35
48	0.95	1.01	2.70	1.67	2.36
49	0.95	1.01	2.72	1.67	2.36
50	0.95	1.01	2.75	1.67	2.36
51	0.95	1.01	2.77	1.66	2.37
52	0.95	1.01	2.79	1.66	2.37
53	0.95	1.01	2.82	1.66	2.37
54	0.95	1.01	2.84	1.65	2.37
55	0.95	1.01	2.86	1.65	2.38
56	0.95	1.01	2.89	1.65	2.38
57	0.95	1.01	2.91	1.64	2.38
58	0.95	1.01	2.93	1.64	2.39
59	0.95	1.01	2.96	1.64	2.39
60	0.95	1.01	2.98	1.64	2.39
61	0.95	1.01	3.00	1.63	2.40
62	0.95	1.01	3.03	1.63	2.40
63	0.95	1.01	3.05	1.63	2.40
64	0.95	1.01	3.07	1.62	2.40
65	0.95	1.01	3.09	1.62	2.41
66	0.95	1.01	3.12	1.62	2.41
67	0.95	1.01	3.14	1.61	2.41
68	0.95	1.01	3.16	1.61	2.42
69	0.95	1.01	3.19	1.61	2.42
70	0.95	1.01	3.21	1.61	2.42
71	0.95	1.01	3.23	1.60	2.43
0	0.95	1.01	3.26	1.60	2.43
1	0.95	1.01	3.26	1.60	2.43
2	0.95	1.01	3.26	1.60	2.43
3	0.95	1.00	3.26	1.60	2.43
4	0.94	1.00	3.26	1.60	2.43
5	0.94	1.00	3.26	1.60	2.44
6	0.94	1.00	3.26	1.61	2.44
7	0.93	1.00	3.26	1.61	2.44
8	0.93	1.00	3.26	1.61	2.45
9	0.93	1.00	3.26	1.61	2.45
10	0.92	1.00	3.26	1.62	2.45
11	0.92	1.00	3.26	1.62	2.45
12	0.92	1.00	3.26	1.62	2.46
13	0.92	1.00	3.26	1.63	2.46
14	0.91	1.00	3.26	1.63	2.46
15	0.91	1.00	3.26	1.63	2.47
16	0.91	1.00	3.26	1.64	2.47
17	0.90	1.00	3.26	1.64	2.47
18	0.90	1.00	3.26	1.64	2.48
19	0.90	1.00	3.26	1.64	2.48
20	0.90	1.00	3.26	1.65	2.48
21	0.89	1.00	3.26	1.65	2.48
22	0.89	1.00	3.26	1.65	2.49
23	0.89	1.00	3.26	1.66	2.49
24	0.88	1.00	3.26	1.66	2.49
25	0.88	1.00	3.26	1.66	2.50
26	0.88	1.00	3.26	1.67	2.50
27	0.87	1.00	3.26	1.67	2.50
28	0.87	1.00	3.26	1.67	2.51
29	0.87	1.00	3.26	1.67	2.51
30	0.87	1.00	3.26	1.68	2.51
31	0.86	1.00	3.26	1.68	2.51
32	0.86	0.99	3.26	1.68	2.52
33	0.86	0.99	3.26	1.69	2.52
34	0.85	0.99	3.26	1.69	2.52
35	0.85	0.99	3.26	1.69	2.53
36	0.85	0.99	3.26	1.70	2.53
37	0.84	0.99	3.26	1.70	2.53
38	0.84	0.99	3.26	1.70	2.54
39	0.84	0.99	3.26	1.70	2.54
40	0.84	0.99	3.26	1.71	2.54
41	0.83	0.99	3.26	1.71	2.54
42	0.83	0.99	3.26	1.71	2.55
43	0.83	0.99	3.26	1.72	2.55
44	0.82	0.99	3.26	1.72	2.55
45	0.82	0.99	3.26	1.72	2.56
46	0.82	0.99	3.26	1.72	2.56
47	0.82	0.99	3.26	1.73	2.56
48	0.81	0.99	3.26	1.73	2.56
49	0.81	0.99	3.26	1.73	2.57
50	0.81	0.99	3.26	1.74	2.57
51	0.80	0.99	3.26	1.74	2.57
52	0.80	0.99	3.26	1.74	2.58
53	0.80	0.99	3.26	1.75	2.58
54	0.79	0.99	3.26	1.75	2.58
55	0.79	0.99	3.26	1.75	2.59
56	0.79	0.99	3.26	1.75	2.59
57	0.79	0.99	3.26	1.76	2.59
58	0.78	0.99	3.26	1.76	2.59
59	0.78	0.99	3.26	1.76	2.60
60	0.78	0.99	3.26	1.77	2.60
61	0.77	0.98	3.26	1.77	2.60
62	0.77	0.98	3.26	1.77	2.61
63	0.77	0.98	3.26	1.78	2.61
64	0.76	0.98	3.26	1.78	2.61
65	0.76	0.98	3.26	1.78	2.62
66	0.76	0.98	3.26	1.78	2.62
67	0.76	0.98	3.26	1.79	2.62
68	0.75	0.98	3.26	1.79	2.62
69	0.75	0.98	3.26	1.79	2.63
70	0.75	0.98	3.26	1.80	2.63
71	0.74	0.98	3.26	1.80	2.63
72	0.74	0.98	3.26	1.80	2.64
73	0.74	0.98	3.26	1.81	2.64
74	0.74	0.98	3.26	1.81	2.64
75	0.73	0.98	3.26	1.81	2.65
76	0.73	0.98	3.26	1.81	2.65
77	0.73	0.98	3.26	1.82	2.65
78	0.72	0.98	3.26	1.82	2.65
79	0.72	0.98	3.26	1.82	2.66
80	0.72	0.98	3.26	1.83	2.66
81	0.71	0.98	3.26	1.83	2.66
82	0.71	0.98	3.26	1.83	2.67
83	0.71	0.98	3.26	1.84	2.67
84	0.71	0.98	3.26	1.84	2.67
85	0.70	0.98	3.26	1.84	2.68
86	0.70	0.98	3.26	1.84	2.68
87	0.70	0.98	3.26	1.85	2.68
88	0.69	0.98	3.26	1.85	2.68
89	0.69	0.98	3.26	1.85	2.69
90	0.69	0.97	3.26	1.86	2.69
91	0.68	0.97	3.26	1.86	2.69
92	0.68	0.97	3.26	1.86	2.70
93	0.68	0.97	3.26	1.86	2.70
94	0.68	0.97	3.26	1.87	2.70
95	0.67	0.97	3.26	1.87	2.70
96	0.67	0.97	3.26	1.87	2.71
97	0.67	0.97	3.26	1.88	2.71
98	0.66	0.97	3.26	1.88	2.71
99	0.66	0.97	3.26	1.88	2.72
100	0.66	0.97	3.26	1.89	2.72
101	0.66	0.97	3.26	1.89	2.72
102	0.65	0.97	3.26	1.89	2.73
103	0.65	0.97	3.26	1.89	2.73
104	0.65	0.97	3.26	1.90	2.73
105	0.64	0.97	3.26	1.90	2.73
106	0.64	0.97	3.26	1.90	2.74
107	0.64	0.97	3.26	1.91	2.74
108	0.63	0.97	3.26	1.91	2.74
109	0.63	0.97	3.26	1.91	2.75
110	0.63	0.97	3.26	1.92	2.75
111	0.63	0.97	3.26	1.92	2.75
112	0.62	0.97	3.26	1.92	2.76
113	0.62	0.97	3.26	1.92	2.76
114	0.62	0.97	3.26	1.93	2.76
115	0.61	0.97	3.26	1.93	2.76
116	0.61	0.97	3.26	1.93	2.77
117	0.61	0.97	3.26	1.94	2.77
118	0.61	0.96	3.26	1.94	2.77
119	0.60	0.96	3.26	1.94	2.78
120	0.60	0.96	3.26	1.95	2.78
121	0.60	0.96	3.26	1.95	2.78
122	0.59	0.96	3.26	1.95	2.79
123	0.59	0.96	3.26	1.95	2.79
124	0.59	0.96	3.26	1.96	2.79
125	0.58	0.96	3.26	1.96	2.79
126	0.58	0.96	3.26	1.96	2.80
127	0.58	0.96	3.26	1.97	2.80
128	0.58	0.96	3.26	1.97	2.80
129	0.57	0.96	3.26	1.97	2.81
130	0.57	0.96	3.26	1.98	2.81
131	0.57	0.96	3.26	1.98	2.81
132	0.56	0.96	3.26	1.98	2.82
133	0.56	0.96	3.26	1.98	2.82
134	0.56	0.96	3.26	1.99	2.82
135	0.55	0.96	3.26	1.99	2.82
136	0.55	0.96	3.26	1.99	2.83
137	0.55	0.96	3.26	2.00	2.83
138	0.55	0.96	3.26	2.00	2.83
139	0.54	0.96	3.26	2.00	2.84
140	0.54	0.96	3.26	2.00	2.84
141	0.54	0.96	3.26	2.01	2.84
142	0.53	0.96	3.26	2.01	2.85
143	0.53	0.96	3.26	2.01	2.85
144	0.53	0.96	3.26	2.02	2.85
145	0.53	0.96	3.26	2.02	2.85
146	0.52	0.96	3.26	2.02	2.86
147	0.52	0.95	3.26	2.03	2.86
148	0.52	0.95	3.26	2.03	2.86
149	0.51	0.95	3.26	2.03	2.87
150	0.51	0.95	3.26	2.03	2.87
151	0.51	0.95	3.26	2.04	2.87
152	0.50	0.95	3.26	2.04	2.87
153	0.50	0.95	3.26	2.04	2.88
154	0.50	0.95	3.26	2.05	2.88
155	0.50	0.95	3.26	2.05	2.88
156	0.49	0.95	3.26	2.05	2.89
157	0.49	0.95	3.26	2.06	2.89
158	0.49	0.95	3.26	2.06	2.89
159	0.48	0.95	3.26	2.06	2.90
160	0.48	0.95	3.26	2.06	2.90
161	0.48	0.95	3.26	2.07	2.90
162	0.47	0.95	3.26	2.07	2.90
163	0.47	0.95	3.26	2.07	2.91
164	0.47	0.95	3.26	2.08	2.91
165	0.47	0.95	3.26	2.08	2.91
166	0.46	0.95	3.26	2.08	2.92
167	0.46	0.95	3.26	2.09	2.92
168	0.46	0.95	3.26	2.09	2.92
169	0.45	0.95	3.26	2.09	2.93
170	0.45	0.95	3.26	2.09	2.93
171	0.45	0.95	3.26	2.10	2.93
172	0.45	0.95	3.26	2.10	2.93
173	0.44	0.95	3.26	2.10	2.94
