0	0.00	0.00	0.00	0.00	0.00
0	0.00	0.00	0.00	0.00	0.00
0	0.00	0.00	0.00	0.00	0.00
1	0.00	0.00	0.00	0.00	0.00
2	0.00	0.00	0.00	0.00	0.00
3	0.00	0.00	0.00	0.00	0.00
4	0.00	0.00	0.00	0.00	0.00
5	0.00	0.00	0.00	0.00	0.00
6	0.00	0.00	0.00	0.00	0.00
7	0.00	0.00	0.00	0.00	0.00
8	0.00	0.00	0.00	0.00	0.00
9	0.00	0.00	0.00	0.00	0.00
10	0.00	0.00	0.00	0.00	0.00
11	0.00	0.00	0.00	0.00	0.00
12	0.00	0.00	0.00	0.00	0.00
13	0.00	0.00	0.00	0.00	0.00
14	0.00	0.00	0.00	0.00	0.00
15	0.00	0.00	0.00	0.00	0.00
16	0.00	0.00	0.00	0.00	0.00
17	0.00	0.00	0.00	0.00	0.00
18	0.01	0.00	0.00	0.01	0.01
19	0.01	0.00	0.00	0.01	0.01
20	0.01	0.00	0.00	0.01	0.01
21	0.01	0.00	0.00	0.01	0.01
22	0.01	0.00	0.00	0.01	0.01
23	0.01	0.00	0.00	0.01	0.01
24	0.01	0.00	0.00	0.01	0.01
25	0.01	0.00	0.00	0.01	0.01
26	0.01	0.00	0.00	0.01	0.01
27	0.01	0.00	0.00	0.01	0.01
28	0.02	0.00	0.00	0.02	0.02
29	0.02	0.00	0.00	0.02	0.02
30	0.02	0.00	0.00	0.02	0.02
31	0.02	0.00	0.00	0.02	0.02
32	0.02	0.00	0.00	0.02	0.02
33	0.02	0.00	0.00	0.02	0.02
34	0.02	0.00	0.00	0.02	0.02
35	0.03	0.00	0.00	0.03	0.03
36	0.03	0.00	0.00	0.03	0.03
37	0.03	0.00	0.00	0.03	0.03
38	0.03	0.00	0.00	0.03	0.03
39	0.03	0.00	0.00	0.03	0.03
40	0.03	0.00	0.00	0.03	0.03
41	0.04	0.00	0.00	0.04	0.04
42	0.04	0.00	0.00	0.04	0.04
43	0.04	0.00	0.00	0.04	0.04
44	0.04	0.00	0.00	0.04	0.04
45	0.04	0.00	0.00	0.04	0.04
46	0.05	0.00	0.00	0.05	0.05
47	0.05	0.00	0.00	0.05	0.05
48	0.05	0.00	0.00	0.05	0.05
49	0.05	0.00	0.00	0.05	0.05
50	0.06	0.00	0.00	0.06	0.06
51	0.06	0.00	0.00	0.06	0.06
52	0.06	0.00	0.00	0.06	0.06
53	0.06	0.00	0.00	0.06	0.06
54	0.07	0.00	0.00	0.07	0.07
55	0.07	0.00	0.00	0.07	0.07
56	0.07	0.00	0.00	0.07	0.07
57	0.07	0.00	0.00	0.07	0.07
58	0.08	0.00	0.00	0.08	0.08
59	0.08	0.00	0.00	0.08	0.08
60	0.08	0.00	0.00	0.08	0.08
61	0.09	0.00	0.00	0.09	0.09
62	0.09	0.00	0.00	0.09	0.09
63	0.09	0.00	0.00	0.09	0.09
64	0.09	0.00	0.00	0.09	0.09
65	0.10	0.00	0.00	0.10	0.10
66	0.10	0.00	0.00	0.10	0.10
67	0.10	0.00	0.00	0.10	0.10
68	0.11	0.00	0.00	0.11	0.11
69	0.11	0.00	0.00	0.11	0.11
70	0.11	0.00	0.00	0.11	0.11
71	0.12	0.00	0.00	0.12	0.12
72	0.12	0.00	0.00	0.12	0.12
73	0.12	0.00	0.00	0.12	0.12
74	0.13	0.00	0.00	0.13	0.13
75	0.13	0.00	0.00	0.13	0.13
76	0.14	0.00	0.00	0.14	0.14
77	0.14	0.00	0.00	0.14	0.14
78	0.14	0.00	0.00	0.14	0.14
79	0.15	0.00	0.00	0.15	0.15
80	0.15	0.00	0.00	0.15	0.15
81	0.15	0.00	0.00	0.15	0.15
82	0.16	0.00	0.00	0.16	0.16
83	0.16	0.00	0.00	0.16	0.16
84	0.17	0.00	0.00	0.17	0.17
85	0.17	0.00	0.00	0.17	0.17
86	0.18	0.00	0.00	0.18	0.18
87	0.18	0.00	0.00	0.18	0.18
88	0.18	0.00	0.00	0.18	0.18
89	0.19	0.00	0.00	0.19	0.19
90	0.19	0.00	0.00	0.19	0.19
91	0.20	0.00	0.00	0.20	0.20
92	0.20	0.00	0.00	0.20	0.20
93	0.21	0.00	0.00	0.21	0.21
94	0.21	0.00	0.00	0.21	0.21
95	0.22	0.00	0.00	0.22	0.22
96	0.22	0.00	0.00	0.22	0.22
97	0.23	0.00	0.00	0.23	0.23
98	0.23	0.00	0.00	0.23	0.23
99	0.24	0.00	0.00	0.24	0.24
100	0.24	0.00	0.00	0.24	0.24
101	0.24	0.00	0.00	0.24	0.24
102	0.25	0.00	0.00	0.25	0.25
103	0.26	0.00	0.00	0.26	0.26
104	0.26	0.00	0.00	0.26	0.26
105	0.27	0.00	0.00	0.27	0.27
106	0.27	0.00	0.00	0.27	0.27
107	0.28	0.00	0.00	0.28	0.28
108	0.28	0.00	0.00	0.28	0.28
109	0.29	0.00	0.00	0.29	0.29
110	0.29	0.00	0.00	0.29	0.29
111	0.30	0.00	0.00	0.30	0.30
112	0.30	0.00	0.00	0.30	0.30
113	0.31	0.00	0.00	0.31	0.31
114	0.31	0.00	0.00	0.31	0.31
115	0.32	0.00	0.00	0.32	0.32
116	0.33	0.00	0.00	0.33	0.33
117	0.33	0.00	0.00	0.33	0.33
118	0.34	0.00	0.00	0.34	0.34
119	0.34	0.00	0.00	0.34	0.34
120	0.35	0.00	0.00	0.35	0.35
121	0.36	0.00	0.00	0.36	0.36
122	0.36	0.00	0.00	0.36	0.36
123	0.37	0.00	0.00	0.37	0.37
124	0.37	0.00	0.00	0.37	0.37
125	0.38	0.00	0.00	0.38	0.38
126	0.39	0.00	0.00	0.39	0.39
127	0.39	0.00	0.00	0.39	0.39
128	0.40	0.00	0.00	0.40	0.40
129	0.40	0.00	0.00	0.40	0.40
130	0.41	0.00	0.00	0.41	0.41
131	0.42	0.00	0.00	0.42	0.42
132	0.42	0.00	0.00	0.42	0.42
133	0.43	0.00	0.00	0.43	0.43
134	0.43	0.00	0.00	0.43	0.43
135	0.44	0.00	0.00	0.44	0.44
136	0.45	0.00	0.00	0.45	0.45
137	0.45	0.00	0.00	0.45	0.45
138	0.46	0.00	0.00	0.46	0.46
139	0.46	0.00	0.00	0.46	0.46
140	0.47	0.00	0.00	0.47	0.47
141	0.48	0.00	0.00	0.48	0.48
142	0.48	0.00	0.00	0.48	0.48
143	0.49	0.00	0.00	0.49	0.49
144	0.50	0.00	0.00	0.50	0.50
145	0.50	0.00	0.00	0.50	0.50
146	0.51	0.00	0.00	0.51	0.51
147	0.51	0.00	0.00	0.51	0.51
148	0.52	0.00	0.00	0.52	0.52
149	0.53	0.00	0.00	0.53	0.53
150	0.53	0.00	0.00	0.53	0.53
151	0.54	0.00	0.00	0.54	0.54
152	0.54	0.00	0.00	0.54	0.54
153	0.55	0.00	0.00	0.55	0.55
154	0.56	0.00	0.00	0.56	0.56
155	0.56	0.00	0.00	0.56	0.56
156	0.57	0.00	0.00	0.57	0.57
157	0.57	0.00	0.00	0.57	0.57
158	0.58	0.00	0.00	0.58	0.58
159	0.59	0.00	0.00	0.59	0.59
160	0.59	0.00	0.00	0.59	0.59
161	0.60	0.00	0.00	0.60	0.60
162	0.60	0.00	0.00	0.60	0.60
163	0.61	0.00	0.00	0.61	0.61
164	0.62	0.00	0.00	0.62	0.62
165	0.62	0.00	0.00	0.62	0.62
166	0.63	0.00	0.00	0.63	0.63
167	0.63	0.00	0.00	0.63	0.63
168	0.64	0.00	0.00	0.64	0.64
169	0.65	0.00	0.00	0.65	0.65
170	0.65	0.00	0.00	0.65	0.65
171	0.66	0.00	0.00	0.66	0.66
172	0.66	0.00	0.00	0.66	0.66
173	0.67	0.00	0.00	0.67	0.67
174	0.68	0.00	0.00	0.68	0.68
175	0.68	0.00	0.00	0.68	0.68
176	0.69	0.00	0.00	0.69	0.69
177	0.69	0.00	0.00	0.69	0.69
178	0.70	0.00	0.00	0.70	0.70
179	0.71	0.00	0.00	0.71	0.71
180	0.71	0.00	0.00	0.71	0.71
181	0.72	0.00	0.00	0.72	0.72
182	0.72	0.00	0.00	0.72	0.72
183	0.73	0.00	0.00	0.73	0.73
184	0.73	0.00	0.00	0.73	0.73
185	0.74	0.00	0.00	0.74	0.74
186	0.74	0.00	0.00	0.74	0.74
187	0.75	0.00	0.00	0.75	0.75
188	0.75	0.00	0.00	0.75	0.75
189	0.76	0.00	0.00	0.76	0.76
190	0.76	0.00	0.00	0.76	0.76
191	0.77	0.00	0.00	0.77	0.77
192	0.77	0.00	0.00	0.77	0.77
193	0.78	0.00	0.00	0.78	0.78
194	0.78	0.00	0.00	0.78	0.78
195	0.79	0.00	0.00	0.79	0.79
196	0.79	0.00	0.00	0.79	0.79
197	0.80	0.00	0.00	0.80	0.80
198	0.80	0.00	0.00	0.80	0.80
199	0.81	0.00	0.00	0.81	0.81
200	0.81	0.00	0.00	0.81	0.81
201	0.82	0.00	0.00	0.82	0.82
202	0.82	0.00	0.00	0.82	0.82
203	0.83	0.00	0.00	0.83	0.83
204	0.83	0.00	0.00	0.83	0.83
205	0.83	0.00	0.00	0.83	0.83
206	0.84	0.00	0.00	0.84	0.84
207	0.84	0.00	0.00	0.84	0.84
208	0.85	0.00	0.00	0.85	0.85
209	0.85	0.00	0.00	0.85	0.85
210	0.86	0.00	0.00	0.86	0.86
211	0.86	0.00	0.00	0.86	0.86
212	0.86	0.00	0.00	0.86	0.86
213	0.87	0.00	0.00	0.87	0.87
214	0.87	0.00	0.00	0.87	0.87
215	0.87	0.00	0.00	0.87	0.87
216	0.88	0.00	0.00	0.88	0.88
217	0.88	0.00	0.00	0.88	0.88
218	0.89	0.00	0.00	0.89	0.89
219	0.89	0.00	0.00	0.89	0.89
220	0.89	0.00	0.00	0.89	0.89
221	0.90	0.00	0.00	0.90	0.90
222	0.90	0.00	0.00	0.90	0.90
223	0.90	0.00	0.00	0.90	0.90
224	0.91	0.00	0.00	0.91	0.91
225	0.91	0.00	0.00	0.91	0.91
226	0.91	0.00	0.00	0.91	0.91
227	0.92	0.00	0.00	0.92	0.92
228	0.92	0.00	0.00	0.92	0.92
229	0.92	0.00	0.00	0.92	0.92
230	0.92	0.00	0.00	0.92	0.92
231	0.93	0.00	0.00	0.93	0.93
232	0.93	0.00	0.00	0.93	0.93
233	0.93	0.00	0.00	0.93	0.93
234	0.94	0.00	0.00	0.94	0.94
235	0.94	0.00	0.00	0.94	0.94
236	0.94	0.00	0.00	0.94	0.94
237	0.94	0.00	0.00	0.94	0.94
238	0.95	0.00	0.00	0.95	0.95
239	0.95	0.00	0.00	0.95	0.95
240	0.95	0.00	0.00	0.95	0.95
241	0.95	0.00	0.00	0.95	0.95
242	0.96	0.00	0.00	0.96	0.96
243	0.96	0.00	0.00	0.96	0.96
244	0.96	0.00	0.00	0.96	0.96
245	0.96	0.00	0.00	0.96	0.96
246	0.96	0.00	0.00	0.96	0.96
247	0.97	0.00	0.00	0.97	0.97
248	0.97	0.00	0.00	0.97	0.97
249	0.97	0.00	0.00	0.97	0.97
250	0.97	0.00	0.00	0.97	0.97
251	0.97	0.00	0.00	0.97	0.97
252	0.98	0.00	0.00	0.98	0.98
253	0.98	0.00	0.00	0.98	0.98
254	0.98	0.00	0.00	0.98	0.98
255	0.98	0.00	0.00	0.98	0.98
256	0.98	0.00	0.00	0.98	0.98
257	0.98	0.00	0.00	0.98	0.98
258	0.98	0.00	0.00	0.98	0.98
259	0.99	0.00	0.00	0.99	0.99
260	0.99	0.00	0.00	0.99	0.99
261	0.99	0.00	0.00	0.99	0.99
262	0.99	0.00	0.00	0.99	0.99
263	0.99	0.00	0.00	0.99	0.99
264	0.99	0.00	0.00	0.99	0.99
265	0.99	0.00	0.00	0.99	0.99
266	0.99	0.00	0.00	0.99	0.99
267	0.99	0.00	0.00	0.99	0.99
268	1.00	0.00	0.00	1.00	1.00
269	1.00	0.00	0.00	1.00	1.00
270	1.00	0.00	0.00	1.00	1.00
271	1.00	0.00	0.00	1.00	1.00
272	1.00	0.00	0.00	1.00	1.00
273	1.00	0.00	0.00	1.00	1.00
274	1.00	0.00	0.00	1.00	1.00
275	1.00	0.00	0.00	1.00	1.00
276	1.00	0.00	0.00	1.00	1.00
277	1.00	0.00	0.00	1.00	1.00
278	1.00	0.00	0.00	1.00	1.00
0	1.00	0.00	0.00	1.00	1.00
1	1.00	0.00	0.00	1.00	1.00
2	1.00	0.00	0.00	1.00	1.00
3	1.00	0.00	0.00	1.00	1.00
4	1.00	0.00	0.00	1.00	1.00
5	1.00	0.00	0.00	1.00	1.00
6	1.00	0.00	0.00	1.00	1.00
7	1.00	0.00	0.00	1.00	1.00
8	1.00	0.00	0.00	1.00	1.00
9	1.00	0.00	0.01	1.00	1.00
10	1.00	0.00	0.01	1.00	1.00
11	1.00	0.00	0.01	1.00	1.00
12	1.00	0.00	0.01	1.00	1.00
13	1.00	0.00	0.02	1.00	1.00
14	1.00	0.00	0.02	1.00	1.00
15	1.00	-0.00	0.03	1.00	1.00
16	1.00	-0.00	0.03	1.00	1.00
17	1.00	-0.00	0.04	1.00	1.01
18	1.00	0.00	0.04	0.99	1.01
19	1.00	0.00	0.05	0.99	1.01
20	1.00	0.00	0.06	0.99	1.01
21	1.00	-0.00	0.06	0.99	1.01
22	1.00	-0.00	0.07	0.99	1.01
23	1.00	0.00	0.08	0.99	1.01
24	1.00	0.00	0.09	0.99	1.01
25	1.00	-0.00	0.09	0.99	1.01
26	1.00	-0.00	0.10	0.99	1.01
27	1.00	0.00	0.11	0.99	1.01
28	1.00	0.00	0.12	0.98	1.02
29	1.00	-0.00	0.13	0.98	1.02
30	1.00	0.00	0.14	0.98	1.02
31	1.00	0.00	0.15	0.98	1.02
32	1.00	-0.00	0.16	0.98	1.02
33	1.00	0.00	0.18	0.98	1.02
34	1.00	0.00	0.19	0.98	1.02
35	1.00	-0.00	0.20	0.97	1.03
36	1.00	0.00	0.21	0.97	1.03
37	1.00	-0.00	0.23	0.97	1.03
38	1.00	-0.00	0.24	0.97	1.03
39	1.00	0.00	0.25	0.97	1.03
40	1.00	-0.00	0.27	0.97	1.03
41	1.00	0.00	0.28	0.96	1.04
42	1.00	-0.00	0.30	0.96	1.04
43	1.00	0.00	0.32	0.96	1.04
44	1.00	-0.00	0.33	0.96	1.04
45	1.00	0.00	0.35	0.96	1.04
46	1.00	-0.00	0.36	0.95	1.05
47	1.00	0.00	0.38	0.95	1.05
48	1.00	-0.00	0.40	0.95	1.05
49	1.00	0.00	0.42	0.95	1.05
50	1.00	-0.00	0.44	0.94	1.06
51	1.00	0.00	0.46	0.94	1.06
52	1.00	-0.00	0.47	0.94	1.06
53	1.00	0.00	0.49	0.94	1.06
54	1.00	0.00	0.51	0.93	1.07
55	1.00	-0.00	0.54	0.93	1.07
56	1.00	0.00	0.56	0.93	1.07
57	1.00	-0.00	0.58	0.93	1.07
58	1.00	-0.00	0.60	0.92	1.08
59	1.00	0.00	0.62	0.92	1.08
60	1.00	-0.00	0.65	0.92	1.08
61	1.00	-0.00	0.67	0.91	1.09
62	1.00	0.00	0.69	0.91	1.09
63	1.00	0.00	0.71	0.91	1.09
64	1.00	-0.00	0.74	0.91	1.09
65	1.00	0.00	0.76	0.90	1.10
66	1.00	0.00	0.78	0.90	1.10
67	1.00	-0.00	0.81	0.90	1.10
68	1.00	0.00	0.83	0.89	1.11
69	1.00	0.00	0.85	0.89	1.11
70	1.00	-0.00	0.88	0.89	1.11
71	1.00	-0.00	0.90	0.89	1.12
72	1.00	0.00	0.92	0.88	1.12
73	1.00	-0.00	0.95	0.88	1.12
74	1.00	-0.00	0.97	0.88	1.12
75	1.00	0.00	0.99	0.87	1.13
76	1.00	0.00	1.01	0.87	1.13
77	1.00	-0.00	1.04	0.87	1.13
78	1.00	0.00	1.06	0.86	1.14
79	1.00	-0.00	1.08	0.86	1.14
80	1.00	-0.00	1.10	0.86	1.14
81	1.00	0.00	1.12	0.86	1.14
82	1.00	-0.00	1.14	0.85	1.15
83	1.00	0.00	1.16	0.85	1.15
84	1.00	-0.00	1.18	0.85	1.15
85	1.00	0.00	1.20	0.85	1.15
86	1.00	-0.00	1.21	0.84	1.16
87	1.00	0.00	1.23	0.84	1.16
88	1.00	-0.00	1.25	0.84	1.16
89	1.00	0.00	1.27	0.84	1.16
90	1.00	-0.00	1.28	0.84	1.16
91	1.00	0.00	1.30	0.83	1.17
92	1.00	-0.00	1.31	0.83	1.17
93	1.00	0.00	1.33	0.83	1.17
94	1.00	-0.00	1.34	0.83	1.17
95	1.00	0.00	1.36	0.83	1.17
96	1.00	-0.00	1.37	0.82	1.18
97	1.00	0.00	1.38	0.82	1.18
98	1.00	0.00	1.40	0.82	1.18
99	1.00	-0.00	1.41	0.82	1.18
100	1.00	0.00	1.42	0.82	1.18
101	1.00	0.00	1.43	0.82	1.18
102	1.00	-0.00	1.44	0.82	1.19
103	1.00	0.00	1.45	0.81	1.19
104	1.00	0.00	1.47	0.81	1.19
105	1.00	-0.00	1.47	0.81	1.19
106	1.00	-0.00	1.48	0.81	1.19
107	1.00	0.00	1.49	0.81	1.19
108	1.00	-0.00	1.50	0.81	1.19
109	1.00	-0.00	1.51	0.81	1.19
110	1.00	-0.00	1.52	0.81	1.19
111	1.00	0.00	1.52	0.81	1.20
112	1.00	0.00	1.53	0.80	1.20
113	1.00	-0.00	1.54	0.80	1.20
114	1.00	-0.00	1.54	0.80	1.20
115	1.00	-0.00	1.55	0.80	1.20
116	1.00	0.00	1.55	0.80	1.20
117	1.00	0.00	1.56	0.80	1.20
118	1.00	0.00	1.56	0.80	1.20
119	1.00	0.00	1.56	0.80	1.20
120	1.00	0.00	1.57	0.80	1.20
121	1.00	-0.00	1.57	0.80	1.20
122	1.00	-0.00	1.57	0.80	1.20
123	1.00	-0.00	1.57	0.80	1.20
0	1.00	-0.00	1.57	0.80	1.20
1	1.00	-0.00	1.57	0.80	1.20
2	1.00	-0.00	1.57	0.80	1.20
3	1.00	-0.00	1.57	0.80	1.20
4	1.00	-0.00	1.57	0.80	1.20
5	1.00	0.00	1.57	0.80	1.20
6	1.00	0.00	1.57	0.80	1.20
7	1.00	0.00	1.57	0.80	1.20
8	1.00	0.00	1.57	0.80	1.20
9	1.00	0.00	1.57	0.80	1.20
10	1.00	0.00	1.57	0.80	1.20
11	1.00	0.00	1.57	0.80	1.20
12	1.00	0.00	1.57	0.80	1.20
13	1.00	0.00	1.57	0.80	1.20
14	1.00	0.00	1.57	0.80	1.20
15	1.00	0.00	1.57	0.80	1.21
16	1.00	0.00	1.57	0.80	1.21
17	1.00	0.00	1.57	0.80	1.21
18	1.00	0.01	1.57	0.80	1.21
19	1.00	0.01	1.57	0.81	1.21
20	1.00	0.01	1.57	0.81	1.21
21	1.00	0.01	1.57	0.81	1.21
22	1.00	0.01	1.57	0.81	1.21
23	1.00	0.01	1.57	0.81	1.21
24	1.00	0.01	1.57	0.81	1.21
25	1.00	0.01	1.57	0.81	1.21
26	1.00	0.01	1.57	0.81	1.21
27	1.00	0.01	1.57	0.81	1.22
28	1.00	0.02	1.57	0.81	1.22
29	1.00	0.02	1.57	0.82	1.22
30	1.00	0.02	1.57	0.82	1.22
31	1.00	0.02	1.57	0.82	1.22
32	1.00	0.02	1.57	0.82	1.22
33	1.00	0.02	1.57	0.82	1.22
34	1.00	0.02	1.57	0.82	1.23
35	1.00	0.03	1.57	0.82	1.23
36	1.00	0.03	1.57	0.83	1.23
37	1.00	0.03	1.57	0.83	1.23
38	1.00	0.03	1.57	0.83	1.23
39	1.00	0.03	1.57	0.83	1.23
40	1.00	0.03	1.57	0.83	1.24
41	1.00	0.04	1.57	0.84	1.24
42	1.00	0.04	1.57	0.84	1.24
43	1.00	0.04	1.57	0.84	1.24
44	1.00	0.04	1.57	0.84	1.24
45	1.00	0.04	1.57	0.84	1.25
46	1.00	0.05	1.57	0.85	1.25
47	1.00	0.05	1.57	0.85	1.25
48	1.00	0.05	1.57	0.85	1.25
49	1.00	0.05	1.57	0.85	1.26
50	1.00	0.06	1.57	0.85	1.26
51	1.00	0.06	1.57	0.86	1.26
52	1.00	0.06	1.57	0.86	1.26
53	1.00	0.06	1.57	0.86	1.27
54	1.00	0.07	1.57	0.86	1.27
55	1.00	0.07	1.57	0.87	1.27
56	1.00	0.07	1.57	0.87	1.27
57	1.00	0.07	1.57	0.87	1.28
58	1.00	0.08	1.57	0.88	1.28
59	1.00	0.08	1.57	0.88	1.28
60	1.00	0.08	1.57	0.88	1.28
61	1.00	0.09	1.57	0.88	1.29
62	1.00	0.09	1.57	0.89	1.29
63	1.00	0.09	1.57	0.89	1.29
64	1.00	0.09	1.57	0.89	1.30
65	1.00	0.10	1.57	0.90	1.30
66	1.00	0.10	1.57	0.90	1.30
67	1.00	0.10	1.57	0.90	1.31
68	1.00	0.11	1.57	0.91	1.31
69	1.00	0.11	1.57	0.91	1.31
70	1.00	0.11	1.57	0.91	1.32
71	1.00	0.12	1.57	0.92	1.32
72	1.00	0.12	1.57	0.92	1.32
73	1.00	0.12	1.57	0.92	1.33
74	1.00	0.13	1.57	0.93	1.33
75	1.00	0.13	1.57	0.93	1.33
76	1.00	0.14	1.57	0.93	1.34
77	1.00	0.14	1.57	0.94	1.34
78	1.00	0.14	1.57	0.94	1.34
79	1.00	0.15	1.57	0.95	1.35
80	1.00	0.15	1.57	0.95	1.35
81	1.00	0.15	1.57	0.95	1.36
82	1.00	0.16	1.57	0.96	1.36
83	1.00	0.16	1.57	0.96	1.36
84	1.00	0.17	1.57	0.97	1.37
85	1.00	0.17	1.57	0.97	1.37
86	1.00	0.18	1.57	0.97	1.38
87	1.00	0.18	1.57	0.98	1.38
88	1.00	0.18	1.57	0.98	1.39
89	1.00	0.19	1.57	0.99	1.39
90	1.00	0.19	1.57	0.99	1.39
91	1.00	0.20	1.57	1.00	1.40
92	1.00	0.20	1.57	1.00	1.40
93	1.00	0.21	1.57	1.01	1.41
94	1.00	0.21	1.57	1.01	1.41
95	1.00	0.22	1.57	1.01	1.42
96	1.00	0.22	1.57	1.02	1.42
97	1.00	0.23	1.57	1.02	1.43
98	1.00	0.23	1.57	1.03	1.43
99	1.00	0.23	1.57	1.03	1.44
100	1.00	0.24	1.57	1.04	1.44
101	1.00	0.24	1.57	1.04	1.45
102	1.00	0.25	1.57	1.05	1.45
103	1.00	0.26	1.57	1.05	1.46
104	1.00	0.26	1.57	1.06	1.46
105	1.00	0.27	1.57	1.06	1.47
106	1.00	0.27	1.57	1.07	1.47
107	1.00	0.28	1.57	1.08	1.48
108	1.00	0.28	1.57	1.08	1.48
109	1.00	0.29	1.57	1.09	1.49
110	1.00	0.29	1.57	1.09	1.49
111	1.00	0.30	1.57	1.10	1.50
112	1.00	0.30	1.57	1.10	1.51
113	1.00	0.31	1.57	1.11	1.51
114	1.00	0.31	1.57	1.11	1.52
115	1.00	0.32	1.57	1.12	1.52
116	1.00	0.33	1.57	1.13	1.53
117	1.00	0.33	1.57	1.13	1.53
118	1.00	0.34	1.57	1.14	1.54
119	1.00	0.34	1.57	1.14	1.55
120	1.00	0.35	1.57	1.15	1.55
121	1.00	0.36	1.57	1.15	1.56
122	1.00	0.36	1.57	1.16	1.56
123	1.00	0.37	1.57	1.17	1.57
124	1.00	0.37	1.57	1.17	1.58
125	1.00	0.38	1.57	1.18	1.58
126	1.00	0.39	1.57	1.18	1.59
127	1.00	0.39	1.57	1.19	1.59
128	1.00	0.40	1.57	1.20	1.60
129	1.00	0.40	1.57	1.20	1.61
130	1.00	0.41	1.57	1.21	1.61
131	1.00	0.42	1.57	1.22	1.62
132	1.00	0.42	1.57	1.22	1.62
133	1.00	0.43	1.57	1.23	1.63
134	1.00	0.43	1.57	1.23	1.64
135	1.00	0.44	1.57	1.24	1.64
136	1.00	0.45	1.57	1.25	1.65
137	1.00	0.45	1.57	1.25	1.65
138	1.00	0.46	1.57	1.26	1.66
139	1.00	0.46	1.57	1.26	1.67
140	1.00	0.47	1.57	1.27	1.67
141	1.00	0.48	1.57	1.28	1.68
142	1.00	0.48	1.57	1.28	1.68
143	1.00	0.49	1.57	1.29	1.69
144	1.00	0.49	1.57	1.29	1.70
145	1.00	0.50	1.57	1.30	1.70
146	1.00	0.51	1.57	1.31	1.71
147	1.00	0.51	1.57	1.31	1.71
148	1.00	0.52	1.57	1.32	1.72
149	1.00	0.53	1.57	1.32	1.73
150	1.00	0.53	1.57	1.33	1.73
151	1.00	0.54	1.57	1.34	1.74
152	1.00	0.54	1.57	1.34	1.75
153	1.00	0.55	1.57	1.35	1.75
154	1.00	0.56	1.57	1.35	1.76
155	1.00	0.56	1.57	1.36	1.76
156	1.00	0.57	1.57	1.37	1.77
157	1.00	0.57	1.57	1.37	1.78
158	1.00	0.58	1.57	1.38	1.78
159	1.00	0.59	1.57	1.39	1.79
160	1.00	0.59	1.57	1.39	1.79
161	1.00	0.60	1.57	1.40	1.80
162	1.00	0.60	1.57	1.40	1.81
163	1.00	0.61	1.57	1.41	1.81
164	1.00	0.62	1.57	1.42	1.82
165	1.00	0.62	1.57	1.42	1.82
166	1.00	0.63	1.57	1.43	1.83
167	1.00	0.63	1.57	1.43	1.84
168	1.00	0.64	1.57	1.44	1.84
169	1.00	0.65	1.57	1.45	1.85
170	1.00	0.65	1.57	1.45	1.85
171	1.00	0.66	1.57	1.46	1.86
172	1.00	0.66	1.57	1.46	1.87
173	1.00	0.67	1.57	1.47	1.87
174	1.00	0.68	1.57	1.48	1.88
175	1.00	0.68	1.57	1.48	1.88
176	1.00	0.69	1.57	1.49	1.89
177	1.00	0.69	1.57	1.49	1.90
178	1.00	0.70	1.57	1.50	1.90
179	1.00	0.71	1.57	1.50	1.91
180	1.00	0.71	1.57	1.51	1.91
181	1.00	0.72	1.57	1.52	1.92
182	1.00	0.72	1.57	1.52	1.92
183	1.00	0.73	1.57	1.53	1.93
184	1.00	0.73	1.57	1.53	1.93
185	1.00	0.74	1.57	1.54	1.94
186	1.00	0.74	1.57	1.54	1.95
187	1.00	0.75	1.57	1.55	1.95
188	1.00	0.75	1.57	1.55	1.96
189	1.00	0.76	1.57	1.56	1.96
190	1.00	0.76	1.57	1.56	1.97
191	1.00	0.77	1.57	1.57	1.97
192	1.00	0.77	1.57	1.57	1.98
193	1.00	0.78	1.57	1.58	1.98
194	1.00	0.78	1.57	1.58	1.99
195	1.00	0.79	1.57	1.59	1.99
196	1.00	0.79	1.57	1.59	2.00
197	1.00	0.80	1.57	1.60	2.00
198	1.00	0.80	1.57	1.60	2.01
199	1.00	0.81	1.57	1.61	2.01
200	1.00	0.81	1.57	1.61	2.01
201	1.00	0.82	1.57	1.62	2.02
202	1.00	0.82	1.57	1.62	2.02
203	1.00	0.83	1.57	1.62	2.03
204	1.00	0.83	1.57	1.63	2.03
205	1.00	0.83	1.57	1.63	2.04
206	1.00	0.84	1.57	1.64	2.04
207	1.00	0.84	1.57	1.64	2.04
208	1.00	0.85	1.57	1.65	2.05
209	1.00	0.85	1.57	1.65	2.05
210	1.00	0.86	1.57	1.65	2.06
211	1.00	0.86	1.57	1.66	2.06
212	1.00	0.86	1.57	1.66	2.06
213	1.00	0.87	1.57	1.67	2.07
214	1.00	0.87	1.57	1.67	2.07
215	1.00	0.87	1.57	1.67	2.08
216	1.00	0.88	1.57	1.68	2.08
217	1.00	0.88	1.57	1.68	2.08
218	1.00	0.89	1.57	1.68	2.09
219	1.00	0.89	1.57	1.69	2.09
220	1.00	0.89	1.57	1.69	2.09
221	1.00	0.90	1.57	1.69	2.10
222	1.00	0.90	1.57	1.70	2.10
223	1.00	0.90	1.57	1.70	2.10
224	1.00	0.91	1.57	1.70	2.11
225	1.00	0.91	1.57	1.71	2.11
226	1.00	0.91	1.57	1.71	2.11
227	1.00	0.92	1.57	1.71	2.12
228	1.00	0.92	1.57	1.72	2.12
229	1.00	0.92	1.57	1.72	2.12
230	1.00	0.92	1.57	1.72	2.13
231	1.00	0.93	1.57	1.73	2.13
232	1.00	0.93	1.57	1.73	2.13
233	1.00	0.93	1.57	1.73	2.13
234	1.00	0.94	1.57	1.73	2.14
235	1.00	0.94	1.57	1.74	2.14
236	1.00	0.94	1.57	1.74	2.14
237	1.00	0.94	1.57	1.74	2.15
238	1.00	0.95	1.57	1.74	2.15
239	1.00	0.95	1.57	1.75	2.15
240	1.00	0.95	1.57	1.75	2.15
241	1.00	0.95	1.57	1.75	2.15
242	1.00	0.96	1.57	1.75	2.16
243	1.00	0.96	1.57	1.76	2.16
244	1.00	0.96	1.57	1.76	2.16
245	1.00	0.96	1.57	1.76	2.16
246	1.00	0.96	1.57	1.76	2.17
247	1.00	0.97	1.57	1.76	2.17
248	1.00	0.97	1.57	1.77	2.17
249	1.00	0.97	1.57	1.77	2.17
250	1.00	0.97	1.57	1.77	2.17
251	1.00	0.97	1.57	1.77	2.18
252	1.00	0.98	1.57	1.77	2.18
253	1.00	0.98	1.57	1.78	2.18
254	1.00	0.98	1.57	1.78	2.18
255	1.00	0.98	1.57	1.78	2.18
256	1.00	0.98	1.57	1.78	2.18
257	1.00	0.98	1.57	1.78	2.18
258	1.00	0.98	1.57	1.78	2.19
259	1.00	0.99	1.57	1.78	2.19
260	1.00	0.99	1.57	1.79	2.19
261	1.00	0.99	1.57	1.79	2.19
262	1.00	0.99	1.57	1.79	2.19
263	1.00	0.99	1.57	1.79	2.19
264	1.00	0.99	1.57	1.79	2.19
265	1.00	0.99	1.57	1.79	2.19
266	1.00	0.99	1.57	1.79	2.20
267	1.00	0.99	1.57	1.79	2.20
268	1.00	1.00	1.57	1.79	2.20
269	1.00	1.00	1.57	1.80	2.20
270	1.00	1.00	1.57	1.80	2.20
271	1.00	1.00	1.57	1.80	2.20
272	1.00	1.00	1.57	1.80	2.20
273	1.00	1.00	1.57	1.80	2.20
274	1.00	1.00	1.57	1.80	2.20
275	1.00	1.00	1.57	1.80	2.20
276	1.00	1.00	1.57	1.80	2.20
277	1.00	1.00	1.57	1.80	2.20
278	1.00	1.00	1.57	1.80	2.20
0	1.00	1.00	1.57	1.80	2.20
1	1.00	1.00	1.57	1.80	2.20
2	1.00	1.00	1.57	1.80	2.20
3	1.00	1.00	1.57	1.80	2.20
4	1.00	1.00	1.57	1.80	2.20
5	1.00	1.00	1.57	1.80	2.20
6	1.00	1.00	1.57	1.80	2.20
7	1.00	1.00	1.58	1.80	2.20
8	1.00	1.00	1.58	1.80	2.20
9	1.00	1.00	1.58	1.80	2.20
10	1.00	1.00	1.58	1.80	2.20
11	1.00	1.00	1.58	1.80	2.20
12	1.00	1.00	1.59	1.80	2.20
13	1.00	1.00	1.59	1.80	2.20
14	1.00	1.00	1.60	1.80	2.21
15	1.00	1.00	1.60	1.80	2.21
16	1.00	1.00	1.60	1.80	2.21
17	1.00	1.00	1.61	1.79	2.21
18	1.00	1.00	1.62	1.79	2.21
19	1.00	1.00	1.62	1.79	2.21
20	1.00	1.00	1.63	1.79	2.21
21	1.00	1.00	1.64	1.79	2.21
22	1.00	1.00	1.64	1.79	2.21
23	1.00	1.00	1.65	1.79	2.21
24	1.00	1.00	1.66	1.79	2.21
25	1.00	1.00	1.67	1.79	2.21
26	1.00	1.00	1.68	1.79	2.22
27	1.00	1.00	1.68	1.79	2.22
28	1.00	1.00	1.69	1.78	2.22
29	1.00	1.00	1.71	1.78	2.22
30	1.00	1.00	1.72	1.78	2.22
31	1.00	1.00	1.73	1.78	2.22
32	1.00	1.00	1.74	1.78	2.22
33	1.00	1.00	1.75	1.78	2.22
34	1.00	1.00	1.76	1.78	2.23
35	1.00	1.00	1.77	1.77	2.23
36	1.00	1.00	1.79	1.77	2.23
37	1.00	1.00	1.80	1.77	2.23
38	1.00	1.00	1.81	1.77	2.23
39	1.00	1.00	1.83	1.77	2.23
40	1.00	1.00	1.84	1.76	2.24
41	1.00	1.00	1.86	1.76	2.24
42	1.00	1.00	1.87	1.76	2.24
43	1.00	1.00	1.89	1.76	2.24
44	1.00	1.00	1.91	1.76	2.24
45	1.00	1.00	1.92	1.75	2.25
46	1.00	1.00	1.94	1.75	2.25
47	1.00	1.00	1.96	1.75	2.25
48	1.00	1.00	1.97	1.75	2.25
49	1.00	1.00	1.99	1.75	2.26
50	1.00	1.00	2.01	1.74	2.26
51	1.00	1.00	2.03	1.74	2.26
52	1.00	1.00	2.05	1.74	2.26
53	1.00	1.00	2.07	1.74	2.27
54	1.00	1.00	2.09	1.73	2.27
55	1.00	1.00	2.11	1.73	2.27
56	1.00	1.00	2.13	1.73	2.27
57	1.00	1.00	2.15	1.73	2.28
58	1.00	1.00	2.17	1.72	2.28
59	1.00	1.00	2.20	1.72	2.28
60	1.00	1.00	2.22	1.72	2.28
61	1.00	1.00	2.24	1.71	2.29
62	1.00	1.00	2.26	1.71	2.29
63	1.00	1.00	2.29	1.71	2.29
64	1.00	1.00	2.31	1.71	2.30
65	1.00	1.00	2.33	1.70	2.30
66	1.00	1.00	2.36	1.70	2.30
67	1.00	1.00	2.38	1.70	2.31
68	1.00	1.00	2.40	1.69	2.31
69	1.00	1.00	2.43	1.69	2.31
70	1.00	1.00	2.45	1.69	2.31
71	1.00	1.00	2.47	1.68	2.32
72	1.00	1.00	2.50	1.68	2.32
73	1.00	1.00	2.52	1.68	2.32
74	1.00	1.00	2.54	1.68	2.33
75	1.00	1.00	2.57	1.67	2.33
76	1.00	1.00	2.59	1.67	2.33
77	1.00	1.00	2.61	1.67	2.33
78	1.00	1.00	2.63	1.66	2.34
79	1.00	1.00	2.65	1.66	2.34
80	1.00	1.00	2.67	1.66	2.34
81	1.00	1.00	2.69	1.66	2.35
82	1.00	1.00	2.71	1.65	2.35
83	1.00	1.00	2.73	1.65	2.35
84	1.00	1.00	2.75	1.65	2.35
85	1.00	1.00	2.77	1.65	2.36
86	1.00	1.00	2.79	1.64	2.36
87	1.00	1.00	2.81	1.64	2.36
88	1.00	1.00	2.82	1.64	2.36
89	1.00	1.00	2.84	1.64	2.36
90	1.00	1.00	2.86	1.64	2.37
91	1.00	1.00	2.87	1.63	2.37
92	1.00	1.00	2.89	1.63	2.37
93	1.00	1.00	2.90	1.63	2.37
94	1.00	1.00	2.92	1.63	2.37
95	1.00	1.00	2.93	1.63	2.38
96	1.00	1.00	2.94	1.62	2.38
97	1.00	1.00	2.96	1.62	2.38
98	1.00	1.00	2.97	1.62	2.38
99	1.00	1.00	2.98	1.62	2.38
100	1.00	1.00	2.99	1.62	2.38
101	1.00	1.00	3.01	1.62	2.39
102	1.00	1.00	3.02	1.61	2.39
103	1.00	1.00	3.03	1.61	2.39
104	1.00	1.00	3.04	1.61	2.39
105	1.00	1.00	3.05	1.61	2.39
106	1.00	1.00	3.06	1.61	2.39
107	1.00	1.00	3.07	1.61	2.39
108	1.00	1.00	3.08	1.61	2.39
109	1.00	1.00	3.08	1.61	2.40
110	1.00	1.00	3.09	1.61	2.40
111	1.00	1.00	3.10	1.60	2.40
112	1.00	1.00	3.10	1.60	2.40
113	1.00	1.00	3.11	1.60	2.40
114	1.00	1.00	3.12	1.60	2.40
115	1.00	1.00	3.12	1.60	2.40
116	1.00	1.00	3.13	1.60	2.40
117	1.00	1.00	3.13	1.60	2.40
118	1.00	1.00	3.13	1.60	2.40
119	1.00	1.00	3.14	1.60	2.40
120	1.00	1.00	3.14	1.60	2.40
121	1.00	1.00	3.14	1.60	2.40
122	1.00	1.00	3.14	1.60	2.40
123	1.00	1.00	3.15	1.60	2.40
0	1.00	1.00	3.15	1.60	2.40
1	1.00	1.00	3.15	1.60	2.40
2	1.00	1.00	3.15	1.60	2.40
3	1.00	1.00	3.15	1.60	2.40
4	1.00	1.00	3.15	1.60	2.40
5	1.00	1.00	3.15	1.60	2.40
6	1.00	1.00	3.15	1.60	2.40
7	1.00	1.00	3.15	1.60	2.40
8	1.00	1.00	3.15	1.60	2.40
9	1.00	1.00	3.15	1.60	2.40
10	1.00	1.00	3.15	1.60	2.40
11	1.00	1.00	3.15	1.60	2.40
12	1.00	1.00	3.15	1.60	2.41
13	1.00	1.00	3.15	1.60	2.41
14	1.00	1.00	3.15	1.60	2.41
15	0.99	1.00	3.15	1.60	2.41
16	0.99	1.00	3.15	1.60	2.41
17	0.99	1.00	3.15	1.60	2.41
18	0.99	1.00	3.15	1.60	2.41
19	0.99	1.00	3.15	1.60	2.41
20	0.99	1.00	3.15	1.61	2.41
21	0.99	1.00	3.15	1.61	2.41
22	0.99	1.00	3.15	1.61	2.41
23	0.99	1.00	3.15	1.61	2.41
24	0.99	1.00	3.15	1.61	2.41
25	0.99	1.00	3.15	1.61	2.42
26	0.99	1.00	3.15	1.61	2.42
27	0.98	1.00	3.15	1.61	2.42
28	0.98	1.00	3.15	1.61	2.42
29	0.98	1.00	3.15	1.61	2.42
30	0.98	1.00	3.15	1.62	2.42
31	0.98	1.00	3.15	1.62	2.42
32	0.98	1.00	3.15	1.62	2.42
33	0.98	1.00	3.15	1.62	2.43
34	0.97	1.00	3.15	1.62	2.43
35	0.97	1.00	3.15	1.62	2.43
36	0.97	1.00	3.15	1.63	2.43
37	0.97	1.00	3.15	1.63	2.43
38	0.97	1.00	3.15	1.63	2.43
39	0.97	1.00	3.15	1.63	2.44
40	0.96	1.00	3.15	1.63	2.44
41	0.96	1.00	3.15	1.63	2.44
42	0.96	1.00	3.15	1.64	2.44
43	0.96	1.00	3.15	1.64	2.44
44	0.96	1.00	3.15	1.64	2.45
45	0.95	1.00	3.15	1.64	2.45
46	0.95	1.00	3.15	1.64	2.45
47	0.95	1.00	3.15	1.65	2.45
48	0.95	1.00	3.15	1.65	2.45
49	0.94	1.00	3.15	1.65	2.46
50	0.94	1.00	3.15	1.65	2.46
51	0.94	1.00	3.15	1.66	2.46
52	0.94	1.00	3.15	1.66	2.46
53	0.93	1.00	3.15	1.66	2.47
54	0.93	1.00	3.15	1.66	2.47
55	0.93	1.00	3.15	1.67	2.47
56	0.93	1.00	3.15	1.67	2.47
57	0.92	1.00	3.15	1.67	2.48
58	0.92	1.00	3.15	1.67	2.48
59	0.92	1.00	3.15	1.68	2.48
60	0.92	1.00	3.15	1.68	2.49
61	0.91	1.00	3.15	1.68	2.49
62	0.91	1.00	3.15	1.69	2.49
63	0.91	1.00	3.15	1.69	2.49
64	0.90	1.00	3.15	1.69	2.50
65	0.90	1.00	3.15	1.70	2.50
66	0.90	1.00	3.15	1.70	2.50
67	0.89	1.00	3.15	1.70	2.51
68	0.89	1.00	3.15	1.71	2.51
69	0.89	1.00	3.15	1.71	2.51
70	0.88	1.00	3.15	1.71	2.52
71	0.88	1.00	3.15	1.72	2.52
72	0.88	1.00	3.15	1.72	2.52
73	0.87	1.00	3.15	1.72	2.53
74	0.87	1.00	3.15	1.73	2.53
75	0.87	1.00	3.15	1.73	2.54
76	0.86	1.00	3.15	1.73	2.54
77	0.86	1.00	3.15	1.74	2.54
78	0.86	1.00	3.15	1.74	2.55
79	0.85	1.00	3.15	1.75	2.55
80	0.85	1.00	3.15	1.75	2.55
81	0.84	1.00	3.15	1.75	2.56
82	0.84	1.00	3.15	1.76	2.56
83	0.84	1.00	3.15	1.76	2.57
84	0.83	1.00	3.15	1.77	2.57
85	0.83	1.00	3.15	1.77	2.57
86	0.82	1.00	3.15	1.77	2.58
87	0.82	1.00	3.15	1.78	2.58
88	0.81	1.00	3.15	1.78	2.59
89	0.81	1.00	3.15	1.79	2.59
90	0.81	1.00	3.15	1.79	2.60
91	0.80	1.00	3.15	1.80	2.60
92	0.80	1.00	3.15	1.80	2.61
93	0.79	1.00	3.15	1.80	2.61
94	0.79	1.00	3.15	1.81	2.61
95	0.78	1.00	3.15	1.81	2.62
96	0.78	1.00	3.15	1.82	2.62
97	0.77	1.00	3.15	1.82	2.63
98	0.77	1.00	3.15	1.83	2.63
99	0.76	1.00	3.15	1.83	2.64
100	0.76	1.00	3.15	1.84	2.64
101	0.75	1.00	3.15	1.84	2.65
102	0.75	1.00	3.15	1.85	2.65
103	0.74	1.00	3.15	1.85	2.66
104	0.74	1.00	3.15	1.86	2.66
105	0.73	1.00	3.15	1.86	2.67
106	0.73	1.00	3.15	1.87	2.67
107	0.72	1.00	3.15	1.87	2.68
108	0.72	1.00	3.15	1.88	2.68
109	0.71	1.00	3.15	1.88	2.69
110	0.71	1.00	3.15	1.89	2.70
111	0.70	1.00	3.15	1.90	2.70
112	0.69	1.00	3.15	1.90	2.71
113	0.69	1.00	3.15	1.91	2.71
114	0.68	1.00	3.15	1.91	2.72
115	0.68	1.00	3.15	1.92	2.72
116	0.67	1.00	3.15	1.92	2.73
117	0.67	1.00	3.15	1.93	2.74
118	0.66	1.00	3.15	1.94	2.74
119	0.65	1.00	3.15	1.94	2.75
120	0.65	1.00	3.15	1.95	2.75
121	0.64	1.00	3.15	1.95	2.76
122	0.64	1.00	3.15	1.96	2.77
123	0.63	1.00	3.15	1.97	2.77
124	0.62	1.00	3.15	1.97	2.78
125	0.62	1.00	3.15	1.98	2.78
126	0.61	1.00	3.15	1.98	2.79
127	0.61	1.00	3.15	1.99	2.80
128	0.60	1.00	3.15	2.00	2.80
129	0.59	1.00	3.15	2.00	2.81
130	0.59	1.00	3.15	2.01	2.81
131	0.58	1.00	3.15	2.01	2.82
132	0.58	1.00	3.15	2.02	2.83
133	0.57	1.00	3.15	2.03	2.83
134	0.56	1.00	3.15	2.03	2.84
135	0.56	1.00	3.15	2.04	2.84
136	0.55	1.00	3.15	2.04	2.85
137	0.55	1.00	3.15	2.05	2.86
138	0.54	1.00	3.15	2.06	2.86
139	0.53	1.00	3.15	2.06	2.87
140	0.53	1.00	3.15	2.07	2.87
141	0.52	1.00	3.15	2.07	2.88
142	0.52	1.00	3.15	2.08	2.89
143	0.51	1.00	3.15	2.09	2.89
144	0.50	1.00	3.15	2.09	2.90
145	0.50	1.00	3.15	2.10	2.90
146	0.49	1.00	3.15	2.11	2.91
147	0.49	1.00	3.15	2.11	2.92
148	0.48	1.00	3.15	2.12	2.92
149	0.47	1.00	3.15	2.12	2.93
150	0.47	1.00	3.15	2.13	2.93
151	0.46	1.00	3.15	2.14	2.94
152	0.45	1.00	3.15	2.14	2.95
153	0.45	1.00	3.15	2.15	2.95
154	0.44	1.00	3.15	2.15	2.96
155	0.44	1.00	3.15	2.16	2.97
156	0.43	1.00	3.15	2.17	2.97
157	0.42	1.00	3.15	2.17	2.98
158	0.42	1.00	3.15	2.18	2.98
159	0.41	1.00	3.15	2.18	2.99
160	0.41	1.00	3.15	2.19	3.00
161	0.40	1.00	3.15	2.20	3.00
162	0.39	1.00	3.15	2.20	3.01
163	0.39	1.00	3.15	2.21	3.01
164	0.38	1.00	3.15	2.21	3.02
165	0.38	1.00	3.15	2.22	3.03
166	0.37	1.00	3.15	2.23	3.03
167	0.36	1.00	3.15	2.23	3.04
168	0.36	1.00	3.15	2.24	3.04
169	0.35	1.00	3.15	2.24	3.05
170	0.35	1.00	3.15	2.25	3.06
171	0.34	1.00	3.15	2.26	3.06
172	0.33	1.00	3.15	2.26	3.07
173	0.33	1.00	3.15	2.27	3.07
174	0.32	1.00	3.15	2.27	3.08
175	0.32	1.00	3.15	2.28	3.09
176	0.31	1.00	3.15	2.29	3.09
177	0.30	1.00	3.15	2.29	3.10
178	0.30	1.00	3.15	2.30	3.10
179	0.29	1.00	3.15	2.30	3.11
180	0.29	1.00	3.15	2.31	3.11
181	0.28	1.00	3.15	2.31	3.12
182	0.28	1.00	3.15	2.32	3.13
183	0.27	1.00	3.15	2.33	3.13
184	0.27	1.00	3.15	2.33	3.14
185	0.26	1.00	3.15	2.34	3.14
186	0.25	1.00	3.15	2.34	3.15
187	0.25	1.00	3.15	2.35	3.15
188	0.24	1.00	3.15	2.35	3.16
189	0.24	1.00	3.15	2.36	3.16
190	0.23	1.00	3.15	2.36	3.17
191	0.23	1.00	3.15	2.37	3.17
192	0.22	1.00	3.15	2.37	3.18
193	0.22	1.00	3.15	2.38	3.18
194	0.21	1.00	3.15	2.38	3.19
195	0.21	1.00	3.15	2.39	3.19
196	0.20	1.00	3.15	2.39	3.20
197	0.20	1.00	3.15	2.40	3.20
198	0.19	1.00	3.15	2.40	3.21
199	0.19	1.00	3.15	2.41	3.21
200	0.19	1.00	3.15	2.41	3.22
201	0.18	1.00	3.15	2.42	3.22
202	0.18	1.00	3.15	2.42	3.22
203	0.17	1.00	3.15	2.42	3.23
204	0.17	1.00	3.15	2.43	3.23
205	0.16	1.00	3.15	2.43	3.24
206	0.16	1.00	3.15	2.44	3.24
207	0.16	1.00	3.15	2.44	3.25
208	0.15	1.00	3.15	2.45	3.25
209	0.15	1.00	3.15	2.45	3.25
210	0.14	1.00	3.15	2.45	3.26
211	0.14	1.00	3.15	2.46	3.26
212	0.14	1.00	3.15	2.46	3.27
213	0.13	1.00	3.15	2.47	3.27
214	0.13	1.00	3.15	2.47	3.27
215	0.12	1.00	3.15	2.47	3.28
216	0.12	1.00	3.15	2.48	3.28
217	0.12	1.00	3.15	2.48	3.29
218	0.11	1.00	3.15	2.48	3.29
219	0.11	1.00	3.15	2.49	3.29
220	0.11	1.00	3.15	2.49	3.30
221	0.10	1.00	3.15	2.49	3.30
222	0.10	1.00	3.15	2.50	3.30
223	0.10	1.00	3.15	2.50	3.31
224	0.09	1.00	3.15	2.50	3.31
225	0.09	1.00	3.15	2.51	3.31
226	0.09	1.00	3.15	2.51	3.32
227	0.08	1.00	3.15	2.51	3.32
228	0.08	1.00	3.15	2.52	3.32
229	0.08	1.00	3.15	2.52	3.32
230	0.07	1.00	3.15	2.52	3.33
231	0.07	1.00	3.15	2.53	3.33
232	0.07	1.00	3.15	2.53	3.33
233	0.07	1.00	3.15	2.53	3.34
234	0.06	1.00	3.15	2.53	3.34
235	0.06	1.00	3.15	2.54	3.34
236	0.06	1.00	3.15	2.54	3.34
237	0.05	1.00	3.15	2.54	3.35
238	0.05	1.00	3.15	2.54	3.35
239	0.05	1.00	3.15	2.55	3.35
240	0.05	1.00	3.15	2.55	3.35
241	0.05	1.00	3.15	2.55	3.36
242	0.04	1.00	3.15	2.55	3.36
243	0.04	1.00	3.15	2.56	3.36
244	0.04	1.00	3.15	2.56	3.36
245	0.04	1.00	3.15	2.56	3.37
246	0.03	1.00	3.15	2.56	3.37
247	0.03	1.00	3.15	2.56	3.37
248	0.03	1.00	3.15	2.57	3.37
249	0.03	1.00	3.15	2.57	3.37
250	0.03	1.00	3.15	2.57	3.38
251	0.02	1.00	3.15	2.57	3.38
252	0.02	1.00	3.15	2.57	3.38
253	0.02	1.00	3.15	2.57	3.38
254	0.02	1.00	3.15	2.58	3.38
255	0.02	1.00	3.15	2.58	3.38
256	0.02	1.00	3.15	2.58	3.38
257	0.02	1.00	3.15	2.58	3.39
258	0.01	1.00	3.15	2.58	3.39
259	0.01	1.00	3.15	2.58	3.39
260	0.01	1.00	3.15	2.59	3.39
261	0.01	1.00	3.15	2.59	3.39
262	0.01	1.00	3.15	2.59	3.39
263	0.01	1.00	3.15	2.59	3.39
264	0.01	1.00	3.15	2.59	3.40
265	0.01	1.00	3.15	2.59	3.40
266	0.00	1.00	3.15	2.59	3.40
267	0.00	1.00	3.15	2.59	3.40
268	0.00	1.00	3.15	2.59	3.40
269	0.00	1.00	3.15	2.59	3.40
270	0.00	1.00	3.15	2.59	3.40
271	0.00	1.00	3.15	2.60	3.40
272	0.00	1.00	3.15	2.60	3.40
273	-0.00	1.00	3.15	2.60	3.40
274	-0.00	1.00	3.15	2.60	3.40
275	-0.00	1.00	3.15	2.60	3.40
276	-0.00	1.00	3.15	2.60	3.40
277	-0.00	1.00	3.15	2.60	3.40
278	-0.00	1.00	3.15	2.60	3.40
0	-0.00	1.00	3.15	2.60	3.40
1	-0.00	1.00	3.15	2.60	3.40
2	-0.00	1.00	3.15	2.60	3.40
3	-0.00	1.00	3.15	2.60	3.40
4	-0.00	1.00	3.15	2.60	3.40
5	-0.00	1.00	3.15	2.60	3.40
6	-0.00	1.00	3.15	2.60	3.40
7	-0.00	1.00	3.15	2.60	3.40
8	-0.00	1.00	3.15	2.60	3.40
9	-0.00	1.00	3.15	2.60	3.40
10	-0.00	1.00	3.15	2.60	3.40
11	-0.00	1.00	3.16	2.60	3.41
12	-0.00	1.00	3.16	2.60	3.41
13	-0.00	1.00	3.16	2.60	3.41
14	-0.00	1.00	3.17	2.60	3.41
15	-0.00	1.00	3.17	2.60	3.41
16	-0.00	1.00	3.18	2.59	3.41
17	-0.00	1.00	3.18	2.59	3.41
18	-0.00	1.00	3.20	2.59	3.41
19	-0.00	1.00	3.20	2.59	3.41
20	-0.00	1.00	3.21	2.59	3.41
21	-0.00	1.00	3.21	2.59	3.41
22	-0.00	1.00	3.22	2.59	3.41
23	-0.00	1.00	3.23	2.59	3.41
24	-0.00	1.00	3.24	2.59	3.42
25	-0.00	1.00	3.25	2.59	3.42
26	-0.00	1.00	3.26	2.58	3.42
27	-0.00	1.00	3.26	2.58	3.42
28	-0.00	1.00	3.27	2.58	3.42
29	-0.00	1.00	3.28	2.58	3.42
30	-0.00	1.00	3.29	2.58	3.42
31	-0.00	1.00	3.31	2.58	3.42
32	-0.00	1.00	3.32	2.58	3.43
33	-0.00	1.00	3.33	2.58	3.43
34	-0.00	1.00	3.34	2.57	3.43
35	-0.00	1.00	3.35	2.57	3.43
36	-0.00	1.00	3.37	2.57	3.43
37	-0.00	1.00	3.38	2.57	3.43
38	-0.00	1.00	3.39	2.57	3.44
39	-0.00	1.00	3.41	2.57	3.44
40	-0.00	1.00	3.42	2.56	3.44
41	-0.00	1.00	3.44	2.56	3.44
42	-0.00	1.00	3.45	2.56	3.44
43	-0.00	1.00	3.47	2.56	3.45
44	-0.00	1.00	3.48	2.56	3.45
45	-0.00	1.00	3.50	2.55	3.45
46	-0.00	1.00	3.52	2.55	3.45
47	-0.00	1.00	3.53	2.55	3.45
48	-0.00	1.00	3.55	2.55	3.46
49	-0.00	1.00	3.57	2.54	3.46
50	-0.00	1.00	3.59	2.54	3.46
51	-0.00	1.00	3.61	2.54	3.46
52	-0.00	1.00	3.63	2.54	3.47
53	-0.00	1.00	3.65	2.53	3.47
54	-0.00	1.00	3.67	2.53	3.47
55	-0.00	1.00	3.69	2.53	3.47
56	-0.00	1.00	3.71	2.53	3.48
57	-0.00	1.00	3.73	2.52	3.48
58	-0.00	1.00	3.75	2.52	3.48
59	-0.00	1.00	3.77	2.52	3.48
60	-0.00	1.00	3.80	2.52	3.49
61	-0.00	1.00	3.82	2.51	3.49
62	-0.00	1.00	3.84	2.51	3.49
63	-0.00	1.00	3.87	2.51	3.50
64	-0.00	1.00	3.89	2.50	3.50
65	-0.00	1.00	3.91	2.50	3.50
66	-0.00	1.00	3.94	2.50	3.51
67	-0.00	1.00	3.96	2.49	3.51
68	-0.00	1.00	3.98	2.49	3.51
69	-0.00	1.00	4.01	2.49	3.51
70	-0.00	1.00	4.03	2.49	3.52
71	-0.00	1.00	4.05	2.48	3.52
72	-0.00	1.00	4.08	2.48	3.52
73	-0.00	1.00	4.10	2.48	3.53
74	-0.00	1.00	4.12	2.47	3.53
75	-0.00	1.00	4.14	2.47	3.53
76	-0.00	1.00	4.17	2.47	3.53
77	-0.00	1.00	4.19	2.47	3.54
78	-0.00	1.00	4.21	2.46	3.54
79	-0.00	1.00	4.23	2.46	3.54
80	-0.00	1.00	4.25	2.46	3.55
81	-0.00	1.00	4.27	2.45	3.55
82	-0.00	1.00	4.29	2.45	3.55
83	-0.00	1.00	4.31	2.45	3.55
84	-0.00	1.00	4.33	2.45	3.56
85	-0.00	1.00	4.35	2.44	3.56
86	-0.00	1.00	4.36	2.44	3.56
87	-0.00	1.00	4.38	2.44	3.56
88	-0.00	1.00	4.40	2.44	3.56
89	-0.00	1.00	4.42	2.44	3.57
90	-0.00	1.00	4.43	2.43	3.57
91	-0.00	1.00	4.45	2.43	3.57
92	-0.00	1.00	4.46	2.43	3.57
93	-0.00	1.00	4.48	2.43	3.57
94	-0.00	1.00	4.49	2.43	3.58
95	-0.00	1.00	4.51	2.42	3.58
96	-0.00	1.00	4.52	2.42	3.58
97	-0.00	1.00	4.53	2.42	3.58
98	-0.00	1.00	4.55	2.42	3.58
99	-0.00	1.00	4.56	2.42	3.58
100	-0.00	1.00	4.57	2.42	3.59
101	-0.00	1.00	4.58	2.41	3.59
102	-0.00	1.00	4.59	2.41	3.59
103	-0.00	1.00	4.60	2.41	3.59
104	-0.00	1.00	4.61	2.41	3.59
105	-0.00	1.00	4.62	2.41	3.59
106	-0.00	1.00	4.63	2.41	3.59
107	-0.00	1.00	4.64	2.41	3.60
108	-0.00	1.00	4.65	2.41	3.60
109	-0.00	1.00	4.66	2.40	3.60
110	-0.00	1.00	4.67	2.40	3.60
111	-0.00	1.00	4.67	2.40	3.60
112	-0.00	1.00	4.68	2.40	3.60
113	-0.00	1.00	4.69	2.40	3.60
114	-0.00	1.00	4.69	2.40	3.60
115	-0.00	1.00	4.70	2.40	3.60
116	-0.00	1.00	4.70	2.40	3.60
117	-0.00	1.00	4.70	2.40	3.60
118	-0.00	1.00	4.71	2.40	3.60
119	-0.00	1.00	4.71	2.40	3.60
120	-0.00	1.00	4.71	2.40	3.60
121	-0.00	1.00	4.72	2.40	3.61
122	-0.00	1.00	4.72	2.40	3.61
0	-0.00	1.00	4.72	2.40	3.61
1	-0.00	1.00	4.72	2.40	3.61
2	-0.00	1.00	4.72	2.40	3.61
3	-0.00	1.00	4.72	2.40	3.61
4	-0.00	1.00	4.72	2.40	3.61
5	-0.00	1.00	4.72	2.40	3.61
6	-0.00	1.00	4.72	2.40	3.61
7	-0.00	1.00	4.72	2.40	3.61
8	-0.00	1.00	4.72	2.40	3.61
9	-0.00	1.00	4.72	2.40	3.61
10	-0.00	0.99	4.72	2.40	3.61
11	-0.00	0.99	4.72	2.40	3.61
12	-0.00	0.99	4.72	2.40	3.61
13	-0.00	0.99	4.72	2.40	3.61
14	-0.00	0.99	4.72	2.40	3.61
15	-0.00	0.99	4.72	2.40	3.61
16	-0.00	0.99	4.72	2.40	3.61
17	-0.00	0.99	4.72	2.40	3.61
18	-0.00	0.99	4.72	2.40	3.61
19	-0.00	0.99	4.72	2.40	3.61
20	-0.00	0.99	4.72	2.40	3.61
21	-0.00	0.99	4.72	2.41	3.61
22	-0.00	0.99	4.72	2.41	3.61
23	-0.00	0.99	4.72	2.41	3.62
24	-0.00	0.98	4.72	2.41	3.62
25	-0.00	0.98	4.72	2.41	3.62
26	-0.00	0.98	4.72	2.41	3.62
27	-0.00	0.98	4.72	2.41	3.62
28	-0.00	0.98	4.72	2.41	3.62
29	-0.00	0.98	4.72	2.41	3.62
30	-0.00	0.98	4.72	2.42	3.62
31	-0.00	0.98	4.72	2.42	3.63
32	-0.00	0.97	4.72	2.42	3.63
33	-0.00	0.97	4.72	2.42	3.63
34	-0.00	0.97	4.72	2.42	3.63
35	-0.00	0.97	4.72	2.42	3.63
36	-0.00	0.97	4.72	2.42	3.63
37	-0.00	0.97	4.72	2.43	3.63
38	-0.00	0.97	4.72	2.43	3.64
39	-0.00	0.96	4.72	2.43	3.64
40	-0.00	0.96	4.72	2.43	3.64
41	-0.00	0.96	4.72	2.43	3.64
42	-0.00	0.96	4.72	2.44	3.64
43	-0.00	0.96	4.72	2.44	3.65
44	-0.00	0.95	4.72	2.44	3.65
45	-0.00	0.95	4.72	2.44	3.65
46	-0.00	0.95	4.72	2.44	3.65
47	-0.00	0.95	4.72	2.45	3.65
48	-0.00	0.94	4.72	2.45	3.66
49	-0.00	0.94	4.72	2.45	3.66
50	-0.00	0.94	4.72	2.45	3.66
51	-0.00	0.94	4.72	2.46	3.66
52	-0.00	0.94	4.72	2.46	3.67
53	-0.00	0.93	4.72	2.46	3.67
54	-0.00	0.93	4.72	2.46	3.67
55	-0.00	0.93	4.72	2.47	3.67
56	-0.00	0.92	4.72	2.47	3.68
57	-0.00	0.92	4.72	2.47	3.68
58	-0.00	0.92	4.72	2.47	3.68
59	-0.00	0.92	4.72	2.48	3.68
60	-0.00	0.91	4.72	2.48	3.69
61	-0.00	0.91	4.72	2.48	3.69
62	-0.00	0.91	4.72	2.49	3.69
63	-0.00	0.90	4.72	2.49	3.70
64	-0.00	0.90	4.72	2.49	3.70
65	-0.00	0.90	4.72	2.49	3.70
66	-0.00	0.90	4.72	2.50	3.71
67	-0.00	0.89	4.72	2.50	3.71
68	-0.00	0.89	4.72	2.50	3.71
69	-0.00	0.89	4.72	2.51	3.72
70	-0.00	0.88	4.72	2.51	3.72
71	-0.00	0.88	4.72	2.51	3.72
72	-0.00	0.87	4.72	2.52	3.73
73	-0.00	0.87	4.72	2.52	3.73
74	-0.00	0.87	4.72	2.53	3.73
75	-0.00	0.86	4.72	2.53	3.74
76	-0.00	0.86	4.72	2.53	3.74
77	-0.00	0.86	4.72	2.54	3.74
78	-0.00	0.85	4.72	2.54	3.75
79	-0.00	0.85	4.72	2.54	3.75
80	-0.00	0.85	4.72	2.55	3.76
81	-0.00	0.84	4.72	2.55	3.76
82	-0.00	0.84	4.72	2.56	3.76
83	-0.00	0.83	4.72	2.56	3.77
84	-0.00	0.83	4.72	2.56	3.77
85	-0.00	0.82	4.72	2.57	3.78
86	-0.00	0.82	4.72	2.57	3.78
87	-0.00	0.82	4.72	2.58	3.79
88	-0.00	0.81	4.72	2.58	3.79
89	-0.00	0.81	4.72	2.59	3.79
90	-0.00	0.80	4.72	2.59	3.80
91	-0.00	0.80	4.72	2.59	3.80
92	-0.00	0.79	4.72	2.60	3.81
93	-0.00	0.79	4.72	2.60	3.81
94	-0.00	0.78	4.72	2.61	3.82
95	-0.00	0.78	4.72	2.61	3.82
96	-0.00	0.78	4.72	2.62	3.83
97	-0.00	0.77	4.72	2.62	3.83
98	-0.00	0.77	4.72	2.63	3.84
99	-0.00	0.76	4.72	2.63	3.84
100	-0.00	0.76	4.72	2.64	3.85
101	-0.00	0.75	4.72	2.64	3.85
102	-0.00	0.75	4.72	2.65	3.86
103	-0.00	0.74	4.72	2.65	3.86
104	-0.00	0.74	4.72	2.66	3.87
105	-0.00	0.73	4.72	2.66	3.87
106	-0.00	0.73	4.72	2.67	3.88
107	-0.00	0.72	4.72	2.67	3.88
108	-0.00	0.71	4.72	2.68	3.89
109	-0.00	0.71	4.72	2.68	3.89
110	-0.00	0.70	4.72	2.69	3.90
111	-0.00	0.70	4.72	2.69	3.90
112	0.00	0.69	4.72	2.70	3.91
113	0.00	0.69	4.72	2.71	3.91
114	0.00	0.68	4.72	2.71	3.92
115	0.00	0.68	4.72	2.72	3.93
116	0.00	0.67	4.72	2.72	3.93
117	0.00	0.66	4.72	2.73	3.94
118	0.00	0.66	4.72	2.73	3.94
119	0.00	0.65	4.72	2.74	3.95
120	0.00	0.65	4.72	2.75	3.95
121	0.00	0.64	4.72	2.75	3.96
122	0.00	0.63	4.72	2.76	3.97
123	0.00	0.63	4.72	2.76	3.97
124	0.00	0.62	4.72	2.77	3.98
125	0.00	0.62	4.72	2.78	3.99
126	0.00	0.61	4.72	2.78	3.99
127	0.00	0.60	4.72	2.79	4.00
128	0.00	0.60	4.72	2.80	4.00
129	0.00	0.59	4.72	2.80	4.01
130	0.00	0.59	4.72	2.81	4.02
131	0.00	0.58	4.72	2.81	4.02
132	0.00	0.57	4.72	2.82	4.03
133	0.00	0.57	4.72	2.83	4.03
134	0.00	0.56	4.72	2.83	4.04
135	0.00	0.56	4.72	2.84	4.05
136	0.00	0.55	4.72	2.84	4.05
137	0.00	0.54	4.72	2.85	4.06
138	0.00	0.54	4.72	2.86	4.06
139	0.00	0.53	4.72	2.86	4.07
140	0.00	0.53	4.72	2.87	4.08
141	0.00	0.52	4.72	2.87	4.08
142	0.00	0.51	4.72	2.88	4.09
143	0.00	0.51	4.72	2.89	4.09
144	0.00	0.50	4.72	2.89	4.10
145	0.00	0.49	4.72	2.90	4.11
146	0.00	0.49	4.72	2.90	4.11
147	0.00	0.48	4.72	2.91	4.12
148	0.00	0.48	4.72	2.92	4.12
149	0.00	0.47	4.72	2.92	4.13
150	0.00	0.46	4.72	2.93	4.14
151	0.00	0.46	4.72	2.93	4.14
152	0.00	0.45	4.72	2.94	4.15
153	0.00	0.45	4.72	2.95	4.15
154	0.00	0.44	4.72	2.95	4.16
155	0.00	0.43	4.72	2.96	4.17
156	0.00	0.43	4.72	2.96	4.17
157	0.00	0.42	4.72	2.97	4.18
158	0.00	0.42	4.72	2.98	4.19
159	0.00	0.41	4.72	2.98	4.19
160	0.00	0.40	4.72	2.99	4.20
161	0.00	0.40	4.72	3.00	4.20
162	0.00	0.39	4.72	3.00	4.21
163	0.00	0.39	4.72	3.01	4.22
164	0.00	0.38	4.72	3.01	4.22
165	0.00	0.37	4.72	3.02	4.23
166	0.00	0.37	4.72	3.03	4.23
167	0.00	0.36	4.72	3.03	4.24
168	0.00	0.36	4.72	3.04	4.25
169	0.00	0.35	4.72	3.04	4.25
170	0.00	0.34	4.72	3.05	4.26
171	0.00	0.34	4.72	3.06	4.26
172	0.00	0.33	4.72	3.06	4.27
173	0.00	0.33	4.72	3.07	4.28
174	0.00	0.32	4.72	3.07	4.28
175	0.00	0.31	4.72	3.08	4.29
176	0.00	0.31	4.72	3.09	4.29
177	0.00	0.30	4.72	3.09	4.30
178	0.00	0.30	4.72	3.10	4.31
179	0.00	0.29	4.72	3.10	4.31
180	0.00	0.28	4.72	3.11	4.32
181	0.00	0.28	4.72	3.11	4.32
182	0.00	0.27	4.72	3.12	4.33
183	0.00	0.27	4.72	3.12	4.33
184	0.00	0.26	4.72	3.13	4.34
185	0.00	0.26	4.72	3.14	4.34
186	0.00	0.25	4.72	3.14	4.35
187	0.00	0.25	4.72	3.15	4.35
188	0.00	0.24	4.72	3.15	4.36
189	0.00	0.24	4.72	3.16	4.36
190	0.00	0.23	4.72	3.16	4.37
191	0.00	0.23	4.72	3.17	4.37
192	0.00	0.22	4.72	3.17	4.38
193	0.00	0.22	4.72	3.18	4.38
194	0.00	0.21	4.72	3.18	4.39
195	0.00	0.21	4.72	3.19	4.39
196	0.00	0.20	4.72	3.19	4.40
197	0.00	0.20	4.72	3.20	4.40
198	0.00	0.19	4.72	3.20	4.41
199	0.00	0.19	4.72	3.21	4.41
200	0.00	0.18	4.72	3.21	4.42
201	0.00	0.18	4.72	3.21	4.42
202	0.00	0.17	4.72	3.22	4.43
203	0.00	0.17	4.72	3.22	4.43
204	0.00	0.17	4.72	3.23	4.44
205	0.00	0.16	4.72	3.23	4.44
206	0.00	0.16	4.72	3.24	4.44
207	0.00	0.15	4.72	3.24	4.45
208	0.00	0.15	4.72	3.24	4.45
209	0.00	0.14	4.72	3.25	4.46
210	0.00	0.14	4.72	3.25	4.46
211	0.00	0.14	4.72	3.26	4.46
212	0.00	0.13	4.72	3.26	4.47
213	0.00	0.13	4.72	3.26	4.47
214	0.00	0.13	4.72	3.27	4.48
215	0.00	0.12	4.72	3.27	4.48
216	0.00	0.12	4.72	3.28	4.48
217	0.00	0.11	4.72	3.28	4.49
218	0.00	0.11	4.72	3.28	4.49
219	0.00	0.11	4.72	3.29	4.49
220	0.00	0.10	4.72	3.29	4.50
221	0.00	0.10	4.72	3.29	4.50
222	0.00	0.10	4.72	3.30	4.50
223	0.00	0.09	4.72	3.30	4.51
224	0.00	0.09	4.72	3.30	4.51
225	0.00	0.09	4.72	3.31	4.51
226	0.00	0.08	4.72	3.31	4.52
227	0.00	0.08	4.72	3.31	4.52
228	0.00	0.08	4.72	3.32	4.52
229	0.00	0.07	4.72	3.32	4.53
230	0.00	0.07	4.72	3.32	4.53
231	0.00	0.07	4.72	3.32	4.53
232	0.00	0.07	4.72	3.33	4.54
233	0.00	0.06	4.72	3.33	4.54
234	0.00	0.06	4.72	3.33	4.54
235	0.00	0.06	4.72	3.34	4.54
236	0.00	0.06	4.72	3.34	4.55
237	0.00	0.05	4.72	3.34	4.55
238	0.00	0.05	4.72	3.34	4.55
239	0.00	0.05	4.72	3.35	4.55
240	0.00	0.05	4.72	3.35	4.56
241	0.00	0.04	4.72	3.35	4.56
242	0.00	0.04	4.72	3.35	4.56
243	0.00	0.04	4.72	3.35	4.56
244	0.00	0.04	4.72	3.36	4.56
245	0.00	0.03	4.72	3.36	4.57
246	0.00	0.03	4.72	3.36	4.57
247	0.00	0.03	4.72	3.36	4.57
248	0.00	0.03	4.72	3.36	4.57
249	0.00	0.03	4.72	3.37	4.58
250	0.00	0.02	4.72	3.37	4.58
251	0.01	0.02	4.72	3.37	4.58
252	0.01	0.02	4.72	3.37	4.58
253	0.01	0.02	4.72	3.37	4.58
254	0.01	0.02	4.72	3.38	4.58
255	0.01	0.02	4.72	3.38	4.59
256	0.01	0.01	4.72	3.38	4.59
257	0.01	0.01	4.72	3.38	4.59
258	0.01	0.01	4.72	3.38	4.59
259	0.01	0.01	4.72	3.38	4.59
260	0.01	0.01	4.72	3.38	4.59
261	0.01	0.01	4.72	3.39	4.59
262	0.01	0.01	4.72	3.39	4.59
263	0.01	0.01	4.72	3.39	4.60
264	0.01	0.00	4.72	3.39	4.60
265	0.01	0.00	4.72	3.39	4.60
266	0.01	0.00	4.72	3.39	4.60
267	0.01	0.00	4.72	3.39	4.60
268	0.01	0.00	4.72	3.39	4.60
269	0.01	-0.00	4.72	3.39	4.60
270	0.01	-0.00	4.72	3.39	4.60
271	0.01	-0.00	4.72	3.39	4.60
272	0.01	-0.00	4.72	3.40	4.60
273	0.01	-0.00	4.72	3.40	4.60
274	0.01	-0.00	4.72	3.40	4.60
275	0.01	-0.00	4.72	3.40	4.60
276	0.01	-0.00	4.72	3.40	4.61
277	0.01	-0.00	4.72	3.40	4.61
278	0.01	-0.00	4.72	3.40	4.61
0	0.01	-0.00	4.72	3.40	4.61
1	0.01	-0.00	4.72	3.40	4.61
2	0.01	-0.00	4.72	3.40	4.61
3	0.01	-0.00	4.72	3.40	4.61
4	0.01	-0.00	4.72	3.40	4.61
5	0.01	-0.00	4.72	3.40	4.61
6	0.01	-0.00	4.72	3.40	4.61
7	0.01	-0.00	4.72	3.40	4.61
8	0.01	-0.00	4.72	3.40	4.61
9	0.01	-0.00	4.73	3.40	4.61
10	0.01	-0.00	4.73	3.40	4.61
11	0.01	-0.00	4.73	3.40	4.61
12	0.01	-0.00	4.73	3.40	4.61
13	0.01	-0.00	4.74	3.40	4.61
14	0.01	-0.00	4.74	3.39	4.61
15	0.01	-0.00	4.75	3.39	4.61
16	0.01	-0.00	4.75	3.39	4.61
17	0.01	-0.00	4.76	3.39	4.61
18	0.01	-0.00	4.76	3.39	4.61
19	0.01	-0.00	4.77	3.39	4.61
20	0.01	-0.00	4.78	3.39	4.61
21	0.01	-0.00	4.78	3.39	4.61
22	0.01	-0.00	4.79	3.39	4.61
23	0.01	-0.00	4.80	3.39	4.62
24	0.01	-0.00	4.81	3.39	4.62
25	0.01	-0.00	4.81	3.39	4.62
26	0.01	-0.00	4.82	3.38	4.62
27	0.01	-0.00	4.83	3.38	4.62
28	0.01	-0.00	4.84	3.38	4.62
29	0.01	-0.00	4.85	3.38	4.62
30	0.01	-0.00	4.86	3.38	4.62
31	0.01	-0.00	4.87	3.38	4.63
32	0.01	-0.00	4.88	3.38	4.63
33	0.01	-0.00	4.90	3.37	4.63
34	0.01	-0.00	4.91	3.37	4.63
35	0.01	-0.00	4.92	3.37	4.63
36	0.01	-0.00	4.93	3.37	4.63
37	0.01	-0.00	4.95	3.37	4.63
38	0.01	-0.00	4.96	3.37	4.64
39	0.01	-0.00	4.97	3.36	4.64
40	0.01	-0.00	4.99	3.36	4.64
41	0.01	-0.00	5.00	3.36	4.64
42	0.01	-0.00	5.02	3.36	4.64
43	0.01	-0.00	5.04	3.36	4.65
44	0.01	-0.00	5.05	3.36	4.65
45	0.01	-0.00	5.07	3.35	4.65
46	0.01	-0.00	5.08	3.35	4.65
47	0.01	-0.00	5.10	3.35	4.65
48	0.01	-0.00	5.12	3.35	4.66
49	0.01	-0.00	5.14	3.34	4.66
50	0.01	-0.00	5.16	3.34	4.66
51	0.01	-0.00	5.18	3.34	4.66
52	0.01	-0.00	5.19	3.34	4.67
53	0.01	-0.00	5.21	3.33	4.67
54	0.01	-0.00	5.23	3.33	4.67
55	0.01	-0.00	5.26	3.33	4.67
56	0.01	-0.00	5.28	3.33	4.68
57	0.01	-0.00	5.30	3.32	4.68
58	0.01	-0.00	5.32	3.32	4.68
59	0.01	-0.00	5.34	3.32	4.69
60	0.01	-0.00	5.36	3.31	4.69
61	0.01	-0.00	5.39	3.31	4.69
62	0.01	-0.00	5.41	3.31	4.69
63	0.01	-0.00	5.43	3.31	4.70
64	0.01	-0.00	5.46	3.30	4.70
65	0.01	-0.00	5.48	3.30	4.70
66	0.01	-0.00	5.50	3.30	4.71
67	0.01	-0.00	5.53	3.29	4.71
68	0.01	-0.00	5.55	3.29	4.71
69	0.01	-0.00	5.57	3.29	4.72
70	0.01	-0.00	5.60	3.29	4.72
71	0.01	-0.00	5.62	3.28	4.72
72	0.01	-0.00	5.64	3.28	4.72
73	0.01	-0.00	5.67	3.28	4.73
74	0.01	-0.00	5.69	3.27	4.73
75	0.01	-0.00	5.71	3.27	4.73
76	0.01	-0.00	5.73	3.27	4.74
77	0.01	-0.00	5.76	3.26	4.74
78	0.01	-0.00	5.78	3.26	4.74
79	0.01	-0.00	5.80	3.26	4.74
80	0.01	-0.00	5.82	3.26	4.75
81	0.01	-0.00	5.84	3.25	4.75
82	0.01	-0.00	5.86	3.25	4.75
83	0.01	-0.00	5.88	3.25	4.75
84	0.01	-0.00	5.90	3.25	4.76
85	0.01	-0.00	5.92	3.24	4.76
86	0.01	-0.00	5.93	3.24	4.76
87	0.01	-0.00	5.95	3.24	4.76
88	0.01	-0.00	5.97	3.24	4.77
89	0.01	-0.00	5.99	3.24	4.77
90	0.01	-0.00	6.00	3.23	4.77
91	0.01	-0.00	6.02	3.23	4.77
92	0.01	-0.00	6.03	3.23	4.77
93	0.01	-0.00	6.05	3.23	4.78
94	0.01	-0.00	6.06	3.23	4.78
95	0.01	-0.00	6.08	3.22	4.78
96	0.01	-0.00	6.09	3.22	4.78
97	0.01	-0.00	6.10	3.22	4.78
98	0.01	-0.00	6.12	3.22	4.78
99	0.01	-0.00	6.13	3.22	4.79
100	0.01	-0.00	6.14	3.22	4.79
101	0.01	-0.00	6.15	3.21	4.79
102	0.01	-0.00	6.16	3.21	4.79
103	0.01	-0.00	6.17	3.21	4.79
104	0.01	-0.00	6.18	3.21	4.79
105	0.01	-0.00	6.19	3.21	4.79
106	0.01	-0.00	6.20	3.21	4.80
107	0.01	-0.00	6.21	3.21	4.80
108	0.01	-0.00	6.22	3.21	4.80
109	0.01	-0.00	6.23	3.20	4.80
110	0.01	-0.00	6.24	3.20	4.80
111	0.01	-0.00	6.24	3.20	4.80
112	0.01	-0.00	6.25	3.20	4.80
113	0.01	-0.00	6.26	3.20	4.80
114	0.01	-0.00	6.26	3.20	4.80
115	0.01	-0.00	6.27	3.20	4.80
116	0.01	-0.00	6.27	3.20	4.80
117	0.01	-0.00	6.28	3.20	4.81
118	0.01	-0.00	6.28	3.20	4.81
119	0.01	-0.00	6.28	3.20	4.81
120	0.01	-0.00	6.29	3.20	4.81
121	0.01	-0.00	6.29	3.20	4.81
122	0.01	-0.00	6.29	3.20	4.81
123	0.01	-0.00	6.29	3.20	4.81
