0	0.00	0.00	0.00	0.00	0.00
0	0.00	0.00	0.00	0.00	0.00
0	0.00	0.00	0.00	0.00	0.00
1	0.00	0.00	0.00	0.00	0.00
2	0.00	0.00	0.00	0.00	0.00
3	0.01	0.00	0.00	0.01	0.01
4	0.01	0.00	0.00	0.01	0.01
5	0.02	0.00	0.00	0.02	0.02
6	0.02	0.00	0.00	0.02	0.02
7	0.03	0.00	0.00	0.03	0.03
8	0.04	0.00	0.00	0.04	0.04
9	0.04	0.00	0.00	0.04	0.04
10	0.05	0.00	0.00	0.05	0.05
11	0.05	0.00	0.00	0.05	0.05
12	0.06	0.00	0.00	0.06	0.06
13	0.07	0.00	0.00	0.07	0.07
14	0.07	0.00	0.00	0.07	0.07
15	0.08	0.00	0.00	0.08	0.08
16	0.08	0.00	0.00	0.08	0.08
17	0.09	0.00	0.00	0.09	0.09
18	0.10	0.00	0.00	0.10	0.10
19	0.10	0.00	0.00	0.10	0.10
20	0.11	0.00	0.00	0.11	0.11
21	0.12	0.00	0.00	0.12	0.12
22	0.12	0.00	0.00	0.12	0.12
23	0.13	0.00	0.00	0.13	0.13
24	0.13	0.00	0.00	0.13	0.13
25	0.14	0.00	0.00	0.14	0.14
26	0.15	0.00	0.00	0.15	0.15
27	0.15	0.00	0.00	0.15	0.15
28	0.16	0.00	0.00	0.16	0.16
29	0.16	0.00	0.00	0.16	0.16
30	0.17	0.00	0.00	0.17	0.17
31	0.18	0.00	0.00	0.18	0.18
32	0.18	0.00	0.00	0.18	0.18
33	0.19	0.00	0.00	0.19	0.19
34	0.19	0.00	0.00	0.19	0.19
35	0.20	0.00	0.00	0.20	0.20
36	0.21	0.00	0.00	0.21	0.21
37	0.21	0.00	0.00	0.21	0.21
38	0.22	0.00	0.00	0.22	0.22
39	0.22	0.00	0.00	0.22	0.22
40	0.23	0.00	0.00	0.23	0.23
41	0.24	0.00	0.00	0.24	0.24
42	0.24	0.00	0.00	0.24	0.24
43	0.25	0.00	0.00	0.25	0.25
44	0.25	0.00	0.00	0.25	0.25
45	0.26	0.00	0.00	0.26	0.26
46	0.27	0.00	0.00	0.27	0.27
47	0.27	0.00	0.00	0.27	0.27
48	0.28	0.00	0.00	0.28	0.28
49	0.28	0.00	0.00	0.28	0.28
50	0.29	0.00	0.00	0.29	0.29
51	0.30	0.00	0.00	0.30	0.30
52	0.30	0.00	0.00	0.30	0.30
53	0.31	0.00	0.00	0.31	0.31
54	0.32	0.00	0.00	0.32	0.32
55	0.32	0.00	0.00	0.32	0.32
56	0.33	0.00	0.00	0.33	0.33
57	0.33	0.00	0.00	0.33	0.33
58	0.34	0.00	0.00	0.34	0.34
59	0.35	0.00	0.00	0.35	0.35
60	0.35	0.00	0.00	0.35	0.35
61	0.36	0.00	0.00	0.36	0.36
62	0.36	0.00	0.00	0.36	0.36
63	0.37	0.00	0.00	0.37	0.37
64	0.38	0.00	0.00	0.38	0.38
65	0.38	0.00	0.00	0.38	0.38
66	0.39	0.00	0.00	0.39	0.39
67	0.39	0.00	0.00	0.39	0.39
68	0.40	0.00	0.00	0.40	0.40
69	0.41	0.00	0.00	0.41	0.41
70	0.41	0.00	0.00	0.41	0.41
71	0.42	0.00	0.00	0.42	0.42
72	0.42	0.00	0.00	0.42	0.42
73	0.43	0.00	0.00	0.43	0.43
74	0.44	0.00	0.00	0.44	0.44
75	0.44	0.00	0.00	0.44	0.44
76	0.45	0.00	0.00	0.45	0.45
77	0.45	0.00	0.00	0.45	0.45
78	0.46	0.00	0.00	0.46	0.46
79	0.47	0.00	0.00	0.47	0.47
80	0.47	0.00	0.00	0.47	0.47
81	0.48	0.00	0.00	0.48	0.48
82	0.48	0.00	0.00	0.48	0.48
83	0.49	0.00	0.00	0.49	0.49
84	0.50	0.00	0.00	0.50	0.50
85	0.50	0.00	0.00	0.50	0.50
86	0.51	0.00	0.00	0.51	0.51
87	0.52	0.00	0.00	0.52	0.52
88	0.52	0.00	0.00	0.52	0.52
89	0.53	0.00	0.00	0.53	0.53
90	0.53	0.00	0.00	0.53	0.53
91	0.54	0.00	0.00	0.54	0.54
92	0.55	0.00	0.00	0.55	0.55
93	0.55	0.00	0.00	0.55	0.55
94	0.56	0.00	0.00	0.56	0.56
95	0.56	0.00	0.00	0.56	0.56
96	0.57	0.00	0.00	0.57	0.57
97	0.58	0.00	0.00	0.58	0.58
98	0.58	0.00	0.00	0.58	0.58
99	0.59	0.00	0.00	0.59	0.59
100	0.59	0.00	0.00	0.59	0.59
101	0.60	0.00	0.00	0.60	0.60
102	0.61	0.00	0.00	0.61	0.61
103	0.61	0.00	0.00	0.61	0.61
104	0.62	0.00	0.00	0.62	0.62
105	0.62	0.00	0.00	0.62	0.62
106	0.63	0.00	0.00	0.63	0.63
107	0.64	0.00	0.00	0.64	0.64
108	0.64	0.00	0.00	0.64	0.64
109	0.65	0.00	0.00	0.65	0.65
110	0.65	0.00	0.00	0.65	0.65
111	0.66	0.00	0.00	0.66	0.66
112	0.67	0.00	0.00	0.67	0.67
113	0.67	0.00	0.00	0.67	0.67
114	0.68	0.00	0.00	0.68	0.68
115	0.68	0.00	0.00	0.68	0.68
116	0.69	0.00	0.00	0.69	0.69
117	0.70	0.00	0.00	0.70	0.70
118	0.70	0.00	0.00	0.70	0.70
119	0.71	0.00	0.00	0.71	0.71
120	0.72	0.00	0.00	0.72	0.72
121	0.72	0.00	0.00	0.72	0.72
122	0.73	0.00	0.00	0.73	0.73
123	0.73	0.00	0.00	0.73	0.73
124	0.74	0.00	0.00	0.74	0.74
125	0.75	0.00	0.00	0.75	0.75
126	0.75	0.00	0.00	0.75	0.75
127	0.76	0.00	0.00	0.76	0.76
128	0.76	0.00	0.00	0.76	0.76
129	0.77	0.00	0.00	0.77	0.77
130	0.78	0.00	0.00	0.78	0.78
131	0.78	0.00	0.00	0.78	0.78
132	0.79	0.00	0.00	0.79	0.79
133	0.79	0.00	0.00	0.79	0.79
134	0.80	0.00	0.00	0.80	0.80
135	0.81	0.00	0.00	0.81	0.81
136	0.81	0.00	0.00	0.81	0.81
137	0.82	0.00	0.00	0.82	0.82
138	0.82	0.00	0.00	0.82	0.82
139	0.83	0.00	0.00	0.83	0.83
140	0.84	0.00	0.00	0.84	0.84
141	0.84	0.00	0.00	0.84	0.84
142	0.85	0.00	0.00	0.85	0.85
143	0.85	0.00	0.00	0.85	0.85
144	0.86	0.00	0.00	0.86	0.86
145	0.87	0.00	0.00	0.87	0.87
146	0.87	0.00	0.00	0.87	0.87
147	0.88	0.00	0.00	0.88	0.88
148	0.88	0.00	0.00	0.88	0.88
149	0.89	0.00	0.00	0.89	0.89
150	0.90	0.00	0.00	0.90	0.90
151	0.90	0.00	0.00	0.90	0.90
152	0.91	0.00	0.00	0.91	0.91
153	0.92	0.00	0.00	0.92	0.92
154	0.92	0.00	0.00	0.92	0.92
155	0.93	0.00	0.00	0.93	0.93
156	0.93	0.00	0.00	0.93	0.93
157	0.94	0.00	0.00	0.94	0.94
158	0.95	0.00	0.00	0.95	0.95
159	0.95	0.00	0.00	0.95	0.95
160	0.96	0.00	0.00	0.96	0.96
161	0.96	0.00	0.00	0.96	0.96
162	0.97	0.00	0.00	0.97	0.97
163	0.98	0.00	0.00	0.98	0.98
164	0.98	0.00	0.00	0.98	0.98
165	0.99	0.00	0.00	0.99	0.99
166	0.99	0.00	0.00	0.99	0.99
167	1.00	0.00	0.00	1.00	1.00
168	1.01	0.00	0.00	1.01	1.01
169	1.01	0.00	0.00	1.01	1.01
170	1.02	0.00	0.00	1.02	1.02
171	1.02	0.00	0.00	1.02	1.02
172	1.03	0.00	0.00	1.03	1.03
173	1.04	0.00	0.00	1.04	1.04
174	1.04	0.00	0.00	1.04	1.04
175	1.05	0.00	0.00	1.05	1.05
176	1.05	0.00	0.00	1.05	1.05
177	1.06	0.00	0.00	1.06	1.06
178	1.07	0.00	0.00	1.07	1.07
179	1.07	0.00	0.00	1.07	1.07
180	1.08	0.00	0.00	1.08	1.08
181	1.08	0.00	0.00	1.08	1.08
182	1.09	0.00	0.00	1.09	1.09
183	1.10	0.00	0.00	1.10	1.10
184	1.10	0.00	0.00	1.10	1.10
185	1.11	0.00	0.00	1.11	1.11
186	1.12	0.00	0.00	1.12	1.12
187	1.12	0.00	0.00	1.12	1.12
188	1.13	0.00	0.00	1.13	1.13
189	1.13	0.00	0.00	1.13	1.13
190	1.14	0.00	0.00	1.14	1.14
191	1.15	0.00	0.00	1.15	1.15
192	1.15	0.00	0.00	1.15	1.15
193	1.16	0.00	0.00	1.16	1.16
194	1.16	0.00	0.00	1.16	1.16
195	1.17	0.00	0.00	1.17	1.17
196	1.18	0.00	0.00	1.18	1.18
197	1.18	0.00	0.00	1.18	1.18
198	1.19	0.00	0.00	1.19	1.19
199	1.19	0.00	0.00	1.19	1.19
200	1.20	0.00	0.00	1.20	1.20
201	1.21	0.00	0.00	1.21	1.21
202	1.21	0.00	0.00	1.21	1.21
203	1.22	0.00	0.00	1.22	1.22
204	1.22	0.00	0.00	1.22	1.22
205	1.23	0.00	0.00	1.23	1.23
206	1.24	0.00	0.00	1.24	1.24
207	1.24	0.00	0.00	1.24	1.24
208	1.25	0.00	0.00	1.25	1.25
209	1.25	0.00	0.00	1.25	1.25
210	1.26	0.00	0.00	1.26	1.26
211	1.27	0.00	0.00	1.27	1.27
212	1.27	0.00	0.00	1.27	1.27
213	1.28	0.00	0.00	1.28	1.28
214	1.28	0.00	0.00	1.28	1.28
215	1.29	0.00	0.00	1.29	1.29
216	1.30	0.00	0.00	1.30	1.30
217	1.30	0.00	0.00	1.30	1.30
218	1.31	0.00	0.00	1.31	1.31
219	1.32	0.00	0.00	1.32	1.32
220	1.32	0.00	0.00	1.32	1.32
221	1.33	0.00	0.00	1.33	1.33
222	1.33	0.00	0.00	1.33	1.33
223	1.34	0.00	0.00	1.34	1.34
224	1.35	0.00	0.00	1.35	1.35
225	1.35	0.00	0.00	1.35	1.35
226	1.36	0.00	0.00	1.36	1.36
227	1.36	0.00	0.00	1.36	1.36
228	1.37	0.00	0.00	1.37	1.37
229	1.38	0.00	0.00	1.38	1.38
230	1.38	0.00	0.00	1.38	1.38
231	1.39	0.00	0.00	1.39	1.39
232	1.39	0.00	0.00	1.39	1.39
233	1.40	0.00	0.00	1.40	1.40
234	1.41	0.00	0.00	1.41	1.41
235	1.41	0.00	0.00	1.41	1.41
236	1.42	0.00	0.00	1.42	1.42
237	1.42	0.00	0.00	1.42	1.42
238	1.43	0.00	0.00	1.43	1.43
239	1.44	0.00	0.00	1.44	1.44
240	1.44	0.00	0.00	1.44	1.44
241	1.45	0.00	0.00	1.45	1.45
242	1.45	0.00	0.00	1.45	1.45
243	1.46	0.00	0.00	1.46	1.46
244	1.47	0.00	0.00	1.47	1.47
245	1.47	0.00	0.00	1.47	1.47
246	1.48	0.00	0.00	1.48	1.48
247	1.48	0.00	0.00	1.48	1.48
248	1.49	0.00	0.00	1.49	1.49
249	1.50	0.00	0.00	1.50	1.50
250	1.50	0.00	0.00	1.50	1.50
251	1.51	0.00	0.00	1.51	1.51
252	1.52	0.00	0.00	1.52	1.52
253	1.52	0.00	0.00	1.52	1.52
254	1.53	0.00	0.00	1.53	1.53
255	1.53	0.00	0.00	1.53	1.53
256	1.54	0.00	0.00	1.54	1.54
257	1.55	0.00	0.00	1.55	1.55
258	1.55	0.00	0.00	1.55	1.55
259	1.56	0.00	0.00	1.56	1.56
260	1.56	0.00	0.00	1.56	1.56
261	1.57	0.00	0.00	1.57	1.57
262	1.58	0.00	0.00	1.58	1.58
263	1.58	0.00	0.00	1.58	1.58
264	1.59	0.00	0.00	1.59	1.59
265	1.59	0.00	0.00	1.59	1.59
266	1.60	0.00	0.00	1.60	1.60
267	1.61	0.00	0.00	1.61	1.61
268	1.61	0.00	0.00	1.61	1.61
269	1.62	0.00	0.00	1.62	1.62
270	1.62	0.00	0.00	1.62	1.62
271	1.63	0.00	0.00	1.63	1.63
272	1.64	0.00	0.00	1.64	1.64
273	1.64	0.00	0.00	1.64	1.64
274	1.65	0.00	0.00	1.65	1.65
275	1.65	0.00	0.00	1.65	1.65
276	1.66	0.00	0.00	1.66	1.66
277	1.67	0.00	0.00	1.67	1.67
278	1.67	0.00	0.00	1.67	1.67
279	1.68	0.00	0.00	1.68	1.68
280	1.68	0.00	0.00	1.68	1.68
281	1.69	0.00	0.00	1.69	1.69
282	1.70	0.00	0.00	1.70	1.70
283	1.70	0.00	0.00	1.70	1.70
284	1.71	0.00	0.00	1.71	1.71
285	1.72	0.00	0.00	1.72	1.72
286	1.72	0.00	0.00	1.72	1.72
287	1.73	0.00	0.00	1.73	1.73
288	1.73	0.00	0.00	1.73	1.73
289	1.74	0.00	0.00	1.74	1.74
290	1.75	0.00	0.00	1.75	1.75
291	1.75	0.00	0.00	1.75	1.75
292	1.76	0.00	0.00	1.76	1.76
293	1.76	0.00	0.00	1.76	1.76
294	1.77	0.00	0.00	1.77	1.77
295	1.78	0.00	0.00	1.78	1.78
296	1.78	0.00	0.00	1.78	1.78
297	1.79	0.00	0.00	1.79	1.79
298	1.79	0.00	0.00	1.79	1.79
299	1.80	0.00	0.00	1.80	1.80
300	1.81	0.00	0.00	1.81	1.81
301	1.81	0.00	0.00	1.81	1.81
302	1.82	0.00	0.00	1.82	1.82
303	1.82	0.00	0.00	1.82	1.82
304	1.83	0.00	0.00	1.83	1.83
305	1.84	0.00	0.00	1.84	1.84
306	1.84	0.00	0.00	1.84	1.84
307	1.85	0.00	0.00	1.85	1.85
308	1.85	0.00	0.00	1.85	1.85
309	1.86	0.00	0.00	1.86	1.86
310	1.87	0.00	0.00	1.87	1.87
311	1.87	0.00	0.00	1.87	1.87
312	1.88	0.00	0.00	1.88	1.88
313	1.88	0.00	0.00	1.88	1.88
314	1.89	0.00	0.00	1.89	1.89
315	1.90	0.00	0.00	1.90	1.90
316	1.90	0.00	0.00	1.90	1.90
317	1.91	0.00	0.00	1.91	1.91
318	1.92	0.00	0.00	1.92	1.92
319	1.92	0.00	0.00	1.92	1.92
320	1.93	0.00	0.00	1.93	1.93
321	1.93	0.00	0.00	1.93	1.93
322	1.94	0.00	0.00	1.94	1.94
323	1.95	0.00	0.00	1.95	1.95
324	1.95	0.00	0.00	1.95	1.95
325	1.96	0.00	0.00	1.96	1.96
326	1.96	0.00	0.00	1.96	1.96
327	1.97	0.00	0.00	1.97	1.97
328	1.98	0.00	0.00	1.98	1.98
329	1.98	0.00	0.00	1.98	1.98
330	1.99	0.00	0.00	1.99	1.99
331	1.99	0.00	0.00	1.99	1.99
332	2.00	0.00	0.00	2.00	2.00
333	2.01	0.00	0.00	2.01	2.01
